  0.30000  0.09000 -0.00353  0.00050  0.406E-09  0.296E-03  0.000E+00  0.000E+00  0.000E+00  0.000E+00  0.000E+00  0.000E+00  0.406E-09  0.296E-03
  0.30000  0.09000 -0.00303  0.00100  0.590E-09  0.556E-03  0.000E+00  0.000E+00  0.000E+00  0.000E+00  0.000E+00  0.000E+00  0.590E-09  0.556E-03
  0.30000  0.09000 -0.00253  0.00150  0.852E-09  0.100E-02  0.000E+00  0.000E+00  0.000E+00  0.000E+00  0.000E+00  0.000E+00  0.852E-09  0.100E-02
  0.30000  0.09000 -0.00203  0.00200  0.122E-08  0.174E-02  0.000E+00  0.000E+00  0.000E+00  0.000E+00  0.000E+00  0.000E+00  0.122E-08  0.174E-02
  0.30000  0.08999 -0.00153  0.00250  0.175E-08  0.289E-02  0.000E+00  0.000E+00  0.000E+00  0.000E+00  0.000E+00  0.000E+00  0.175E-08  0.289E-02
  0.30000  0.08999 -0.00103  0.00300  0.249E-08  0.460E-02  0.000E+00  0.000E+00  0.000E+00  0.000E+00  0.000E+00  0.000E+00  0.249E-08  0.460E-02
  0.30000  0.08999 -0.00053  0.00350  0.351E-08  0.705E-02  0.000E+00  0.000E+00  0.000E+00  0.000E+00  0.000E+00  0.000E+00  0.351E-08  0.705E-02
  0.30000  0.08998 -0.00003  0.00400  0.494E-08  0.104E-01  0.000E+00  0.000E+00  0.000E+00  0.000E+00  0.000E+00  0.000E+00  0.494E-08  0.104E-01
  0.30000  0.08998  0.00048  0.00450  0.692E-08  0.147E-01  0.000E+00  0.000E+00  0.000E+00  0.000E+00  0.000E+00  0.000E+00  0.692E-08  0.147E-01
  0.30000  0.08997  0.00098  0.00500  0.965E-08  0.199E-01  0.000E+00  0.000E+00  0.000E+00  0.000E+00  0.000E+00  0.000E+00  0.965E-08  0.199E-01
  0.30000  0.08997  0.00148  0.00550  0.134E-07  0.260E-01  0.000E+00  0.000E+00  0.000E+00  0.000E+00  0.000E+00  0.000E+00  0.134E-07  0.260E-01
  0.30000  0.08996  0.00198  0.00600  0.186E-07  0.326E-01  0.000E+00  0.000E+00  0.000E+00  0.000E+00  0.000E+00  0.000E+00  0.186E-07  0.326E-01
  0.30000  0.08996  0.00248  0.00650  0.260E-07  0.393E-01  0.000E+00  0.000E+00  0.000E+00  0.000E+00  0.000E+00  0.000E+00  0.260E-07  0.393E-01
  0.30000  0.08995  0.00298  0.00700  0.369E-07  0.456E-01  0.000E+00  0.000E+00  0.000E+00  0.000E+00  0.000E+00  0.000E+00  0.369E-07  0.456E-01
  0.30000  0.08994  0.00348  0.00750  0.541E-07  0.509E-01  0.000E+00  0.000E+00  0.000E+00  0.000E+00  0.000E+00  0.000E+00  0.541E-07  0.509E-01
  0.30000  0.08994  0.00398  0.00800  0.838E-07  0.550E-01  0.000E+00  0.000E+00  0.000E+00  0.000E+00  0.000E+00  0.000E+00  0.838E-07  0.550E-01
  0.30000  0.08993  0.00448  0.00850  0.140E-06  0.574E-01  0.000E+00  0.000E+00  0.000E+00  0.000E+00  0.000E+00  0.000E+00  0.140E-06  0.574E-01
  0.30000  0.08992  0.00498  0.00900  0.255E-06  0.582E-01  0.000E+00  0.000E+00  0.000E+00  0.000E+00  0.000E+00  0.000E+00  0.255E-06  0.582E-01
  0.30000  0.08991  0.00548  0.00950  0.499E-06  0.574E-01  0.000E+00  0.000E+00  0.000E+00  0.000E+00  0.000E+00  0.000E+00  0.499E-06  0.574E-01
  0.30000  0.08990  0.00598  0.01000  0.102E-05  0.556E-01  0.000E+00  0.000E+00  0.000E+00  0.000E+00  0.000E+00  0.000E+00  0.102E-05  0.556E-01
  0.30000  0.08989  0.00648  0.01050  0.212E-05  0.531E-01  0.000E+00  0.000E+00  0.000E+00  0.000E+00  0.000E+00  0.000E+00  0.212E-05  0.531E-01
  0.30000  0.08988  0.00698  0.01100  0.437E-05  0.503E-01  0.000E+00  0.000E+00  0.000E+00  0.000E+00  0.000E+00  0.000E+00  0.437E-05  0.503E-01
  0.30000  0.08987  0.00748  0.01150  0.883E-05  0.476E-01  0.000E+00  0.000E+00  0.000E+00  0.000E+00  0.000E+00  0.000E+00  0.883E-05  0.476E-01
  0.30000  0.08986  0.00798  0.01200  0.174E-04  0.452E-01  0.000E+00  0.000E+00  0.000E+00  0.000E+00  0.000E+00  0.000E+00  0.174E-04  0.452E-01
  0.30000  0.08984  0.00848  0.01250  0.331E-04  0.431E-01  0.000E+00  0.000E+00  0.000E+00  0.000E+00  0.000E+00  0.000E+00  0.331E-04  0.431E-01
  0.30000  0.08983  0.00898  0.01300  0.608E-04  0.412E-01  0.000E+00  0.000E+00  0.000E+00  0.000E+00  0.000E+00  0.000E+00  0.608E-04  0.412E-01
  0.30000  0.08982  0.00948  0.01350  0.108E-03  0.393E-01  0.000E+00  0.000E+00  0.000E+00  0.000E+00  0.000E+00  0.000E+00  0.108E-03  0.393E-01
  0.30000  0.08980  0.00998  0.01400  0.184E-03  0.372E-01  0.000E+00  0.000E+00  0.000E+00  0.000E+00  0.000E+00  0.000E+00  0.184E-03  0.372E-01
  0.30000  0.08979  0.01048  0.01450  0.302E-03  0.348E-01  0.000E+00  0.000E+00  0.000E+00  0.000E+00  0.000E+00  0.000E+00  0.302E-03  0.348E-01
  0.30000  0.08977  0.01098  0.01500  0.478E-03  0.321E-01  0.000E+00  0.000E+00  0.000E+00  0.000E+00  0.000E+00  0.000E+00  0.478E-03  0.321E-01
  0.30000  0.08976  0.01148  0.01550  0.728E-03  0.292E-01  0.000E+00  0.000E+00  0.000E+00  0.000E+00  0.000E+00  0.000E+00  0.728E-03  0.292E-01
  0.30000  0.08974  0.01199  0.01600  0.107E-02  0.262E-01  0.000E+00  0.000E+00  0.000E+00  0.000E+00  0.000E+00  0.000E+00  0.107E-02  0.262E-01
  0.30000  0.08973  0.01249  0.01650  0.152E-02  0.234E-01  0.157E-09  0.181E-09  0.000E+00  0.000E+00  0.000E+00  0.000E+00  0.152E-02  0.234E-01
  0.30000  0.08971  0.01299  0.01700  0.211E-02  0.208E-01  0.343E-04  0.397E-04  0.000E+00  0.000E+00  0.000E+00  0.000E+00  0.208E-02  0.207E-01
  0.30000  0.08969  0.01349  0.01750  0.288E-02  0.186E-01  0.128E-03  0.148E-03  0.000E+00  0.000E+00  0.000E+00  0.000E+00  0.276E-02  0.184E-01
  0.30000  0.08968  0.01399  0.01800  0.381E-02  0.169E-01  0.268E-03  0.311E-03  0.000E+00  0.000E+00  0.000E+00  0.000E+00  0.354E-02  0.166E-01
  0.30000  0.08966  0.01449  0.01850  0.485E-02  0.156E-01  0.446E-03  0.517E-03  0.000E+00  0.000E+00  0.000E+00  0.000E+00  0.441E-02  0.151E-01
  0.30000  0.08964  0.01499  0.01900  0.599E-02  0.146E-01  0.655E-03  0.759E-03  0.000E+00  0.000E+00  0.000E+00  0.000E+00  0.533E-02  0.139E-01
  0.30000  0.08962  0.01549  0.01950  0.717E-02  0.140E-01  0.888E-03  0.103E-02  0.000E+00  0.000E+00  0.000E+00  0.000E+00  0.629E-02  0.129E-01
  0.30000  0.08960  0.01599  0.02000  0.837E-02  0.135E-01  0.114E-02  0.132E-02  0.000E+00  0.000E+00  0.000E+00  0.000E+00  0.723E-02  0.122E-01
  0.30000  0.08958  0.01649  0.02050  0.952E-02  0.131E-01  0.141E-02  0.163E-02  0.000E+00  0.000E+00  0.000E+00  0.000E+00  0.811E-02  0.115E-01
  0.30000  0.08956  0.01699  0.02100  0.109E-01  0.129E-01  0.169E-02  0.196E-02  0.000E+00  0.000E+00  0.343E-03  0.000E+00  0.891E-02  0.109E-01
  0.30000  0.08954  0.01749  0.02150  0.119E-01  0.126E-01  0.198E-02  0.229E-02  0.000E+00  0.000E+00  0.402E-03  0.000E+00  0.956E-02  0.103E-01
  0.30000  0.08952  0.01800  0.02200  0.128E-01  0.125E-01  0.227E-02  0.264E-02  0.000E+00  0.000E+00  0.463E-03  0.000E+00  0.100E-01  0.981E-02
  0.30000  0.08949  0.01850  0.02250  0.134E-01  0.123E-01  0.257E-02  0.299E-02  0.000E+00  0.000E+00  0.525E-03  0.000E+00  0.103E-01  0.933E-02
  0.30000  0.08947  0.01900  0.02300  0.138E-01  0.123E-01  0.288E-02  0.335E-02  0.000E+00  0.000E+00  0.589E-03  0.000E+00  0.103E-01  0.891E-02
  0.30000  0.08945  0.01950  0.02350  0.139E-01  0.123E-01  0.319E-02  0.371E-02  0.000E+00  0.000E+00  0.653E-03  0.000E+00  0.101E-01  0.855E-02
  0.30000  0.08942  0.02000  0.02400  0.138E-01  0.123E-01  0.350E-02  0.407E-02  0.000E+00  0.000E+00  0.718E-03  0.000E+00  0.961E-02  0.826E-02
  0.30000  0.08940  0.02050  0.02450  0.135E-01  0.125E-01  0.381E-02  0.444E-02  0.000E+00  0.000E+00  0.784E-03  0.000E+00  0.890E-02  0.805E-02
  0.30000  0.08937  0.02100  0.02500  0.130E-01  0.127E-01  0.412E-02  0.480E-02  0.000E+00  0.000E+00  0.849E-03  0.000E+00  0.801E-02  0.790E-02
  0.30000  0.08935  0.02150  0.02550  0.124E-01  0.130E-01  0.443E-02  0.517E-02  0.000E+00  0.000E+00  0.915E-03  0.000E+00  0.700E-02  0.779E-02
  0.30000  0.08932  0.02200  0.02600  0.117E-01  0.133E-01  0.474E-02  0.553E-02  0.000E+00  0.000E+00  0.981E-03  0.000E+00  0.595E-02  0.773E-02
  0.30000  0.08930  0.02251  0.02650  0.110E-01  0.136E-01  0.505E-02  0.589E-02  0.000E+00  0.000E+00  0.105E-02  0.000E+00  0.492E-02  0.768E-02
  0.30000  0.08927  0.02301  0.02700  0.104E-01  0.139E-01  0.536E-02  0.625E-02  0.000E+00  0.000E+00  0.111E-02  0.000E+00  0.397E-02  0.765E-02
  0.30000  0.08924  0.02351  0.02750  0.998E-02  0.142E-01  0.567E-02  0.661E-02  0.000E+00  0.000E+00  0.118E-02  0.000E+00  0.313E-02  0.761E-02
  0.30000  0.08922  0.02401  0.02800  0.965E-02  0.145E-01  0.597E-02  0.697E-02  0.000E+00  0.000E+00  0.125E-02  0.000E+00  0.243E-02  0.755E-02
  0.30000  0.08919  0.02451  0.02850  0.945E-02  0.148E-01  0.627E-02  0.732E-02  0.000E+00  0.000E+00  0.131E-02  0.000E+00  0.187E-02  0.747E-02
  0.30000  0.08916  0.02501  0.02900  0.939E-02  0.151E-01  0.657E-02  0.768E-02  0.000E+00  0.000E+00  0.138E-02  0.000E+00  0.144E-02  0.738E-02
  0.30000  0.08913  0.02551  0.02950  0.943E-02  0.153E-01  0.686E-02  0.802E-02  0.000E+00  0.000E+00  0.144E-02  0.000E+00  0.112E-02  0.725E-02
  0.30000  0.08910  0.02601  0.03000  0.955E-02  0.155E-01  0.715E-02  0.837E-02  0.000E+00  0.000E+00  0.151E-02  0.000E+00  0.894E-03  0.711E-02
  0.30000  0.08907  0.02652  0.03050  0.974E-02  0.157E-01  0.744E-02  0.871E-02  0.000E+00  0.000E+00  0.157E-02  0.000E+00  0.729E-03  0.696E-02
  0.30000  0.08904  0.02702  0.03100  0.998E-02  0.158E-01  0.772E-02  0.905E-02  0.000E+00  0.000E+00  0.164E-02  0.000E+00  0.612E-03  0.679E-02
  0.30000  0.08901  0.02752  0.03150  0.102E-01  0.160E-01  0.801E-02  0.939E-02  0.000E+00  0.000E+00  0.170E-02  0.000E+00  0.527E-03  0.663E-02
  0.30000  0.08898  0.02802  0.03200  0.105E-01  0.162E-01  0.828E-02  0.972E-02  0.000E+00  0.000E+00  0.177E-02  0.000E+00  0.465E-03  0.648E-02
  0.30000  0.08894  0.02852  0.03250  0.108E-01  0.164E-01  0.856E-02  0.100E-01  0.000E+00  0.000E+00  0.183E-02  0.000E+00  0.416E-03  0.633E-02
  0.30000  0.08891  0.02902  0.03300  0.111E-01  0.166E-01  0.883E-02  0.104E-01  0.000E+00  0.000E+00  0.190E-02  0.000E+00  0.378E-03  0.621E-02
  0.30000  0.08888  0.02952  0.03350  0.114E-01  0.168E-01  0.909E-02  0.107E-01  0.000E+00  0.000E+00  0.196E-02  0.000E+00  0.346E-03  0.610E-02
  0.30000  0.08884  0.03003  0.03400  0.117E-01  0.170E-01  0.936E-02  0.110E-01  0.000E+00  0.000E+00  0.202E-02  0.000E+00  0.320E-03  0.602E-02
  0.30000  0.08881  0.03053  0.03450  0.120E-01  0.173E-01  0.962E-02  0.113E-01  0.000E+00  0.000E+00  0.209E-02  0.000E+00  0.297E-03  0.596E-02
  0.30000  0.08877  0.03103  0.03500  0.123E-01  0.176E-01  0.987E-02  0.116E-01  0.000E+00  0.000E+00  0.215E-02  0.000E+00  0.278E-03  0.593E-02
  0.30000  0.08874  0.03153  0.03550  0.126E-01  0.178E-01  0.101E-01  0.119E-01  0.000E+00  0.000E+00  0.221E-02  0.000E+00  0.262E-03  0.591E-02
  0.30000  0.08870  0.03203  0.03600  0.129E-01  0.181E-01  0.104E-01  0.122E-01  0.000E+00  0.000E+00  0.227E-02  0.000E+00  0.248E-03  0.590E-02
  0.30000  0.08867  0.03253  0.03650  0.132E-01  0.184E-01  0.106E-01  0.125E-01  0.000E+00  0.000E+00  0.233E-02  0.000E+00  0.236E-03  0.591E-02
  0.30000  0.08863  0.03304  0.03700  0.135E-01  0.187E-01  0.108E-01  0.128E-01  0.000E+00  0.000E+00  0.239E-02  0.000E+00  0.225E-03  0.593E-02
  0.30000  0.08859  0.03354  0.03750  0.138E-01  0.191E-01  0.111E-01  0.131E-01  0.000E+00  0.000E+00  0.245E-02  0.000E+00  0.215E-03  0.595E-02
  0.30000  0.08856  0.03404  0.03800  0.140E-01  0.194E-01  0.113E-01  0.134E-01  0.000E+00  0.000E+00  0.251E-02  0.000E+00  0.206E-03  0.598E-02
  0.30000  0.08852  0.03454  0.03850  0.143E-01  0.197E-01  0.115E-01  0.137E-01  0.000E+00  0.000E+00  0.257E-02  0.000E+00  0.197E-03  0.600E-02
  0.30000  0.08848  0.03504  0.03900  0.146E-01  0.200E-01  0.118E-01  0.139E-01  0.000E+00  0.000E+00  0.263E-02  0.000E+00  0.188E-03  0.602E-02
  0.30000  0.08844  0.03554  0.03950  0.149E-01  0.202E-01  0.120E-01  0.142E-01  0.000E+00  0.000E+00  0.269E-02  0.000E+00  0.179E-03  0.603E-02
  0.30000  0.08840  0.03605  0.04000  0.151E-01  0.205E-01  0.122E-01  0.145E-01  0.000E+00  0.000E+00  0.275E-02  0.000E+00  0.170E-03  0.603E-02
  0.30000  0.08836  0.03655  0.04050  0.154E-01  0.208E-01  0.124E-01  0.147E-01  0.000E+00  0.000E+00  0.281E-02  0.000E+00  0.161E-03  0.603E-02
  0.30000  0.08832  0.03705  0.04100  0.156E-01  0.210E-01  0.126E-01  0.150E-01  0.000E+00  0.000E+00  0.287E-02  0.000E+00  0.152E-03  0.601E-02
  0.30000  0.08828  0.03755  0.04150  0.159E-01  0.212E-01  0.128E-01  0.152E-01  0.000E+00  0.000E+00  0.292E-02  0.000E+00  0.142E-03  0.599E-02
  0.30000  0.08824  0.03805  0.04200  0.161E-01  0.215E-01  0.130E-01  0.155E-01  0.000E+00  0.000E+00  0.298E-02  0.000E+00  0.133E-03  0.596E-02
  0.30000  0.08819  0.03856  0.04250  0.164E-01  0.217E-01  0.132E-01  0.157E-01  0.000E+00  0.000E+00  0.304E-02  0.000E+00  0.123E-03  0.592E-02
  0.30000  0.08815  0.03906  0.04300  0.166E-01  0.218E-01  0.134E-01  0.160E-01  0.000E+00  0.000E+00  0.309E-02  0.000E+00  0.114E-03  0.586E-02
  0.30000  0.08811  0.03956  0.04350  0.168E-01  0.220E-01  0.136E-01  0.162E-01  0.000E+00  0.000E+00  0.315E-02  0.000E+00  0.105E-03  0.580E-02
  0.30000  0.08806  0.04006  0.04400  0.170E-01  0.222E-01  0.138E-01  0.164E-01  0.000E+00  0.000E+00  0.320E-02  0.000E+00  0.957E-04  0.573E-02
  0.30000  0.08802  0.04056  0.04450  0.173E-01  0.223E-01  0.139E-01  0.167E-01  0.000E+00  0.000E+00  0.326E-02  0.000E+00  0.871E-04  0.565E-02
  0.30000  0.08797  0.04106  0.04500  0.175E-01  0.225E-01  0.141E-01  0.169E-01  0.000E+00  0.000E+00  0.331E-02  0.000E+00  0.788E-04  0.556E-02
  0.30000  0.08793  0.04157  0.04550  0.177E-01  0.226E-01  0.143E-01  0.171E-01  0.000E+00  0.000E+00  0.336E-02  0.000E+00  0.708E-04  0.547E-02
  0.30000  0.08788  0.04207  0.04600  0.179E-01  0.227E-01  0.144E-01  0.173E-01  0.000E+00  0.000E+00  0.342E-02  0.000E+00  0.634E-04  0.536E-02
  0.30000  0.08784  0.04257  0.04650  0.181E-01  0.228E-01  0.146E-01  0.175E-01  0.000E+00  0.000E+00  0.347E-02  0.000E+00  0.564E-04  0.525E-02
  0.30000  0.08779  0.04307  0.04700  0.183E-01  0.229E-01  0.147E-01  0.177E-01  0.000E+00  0.000E+00  0.352E-02  0.000E+00  0.499E-04  0.513E-02
  0.30000  0.08774  0.04358  0.04750  0.185E-01  0.229E-01  0.149E-01  0.179E-01  0.000E+00  0.000E+00  0.357E-02  0.000E+00  0.440E-04  0.501E-02
  0.30000  0.08770  0.04408  0.04800  0.187E-01  0.230E-01  0.150E-01  0.181E-01  0.000E+00  0.000E+00  0.362E-02  0.000E+00  0.385E-04  0.488E-02
  0.30000  0.08765  0.04458  0.04850  0.189E-01  0.231E-01  0.152E-01  0.183E-01  0.000E+00  0.000E+00  0.367E-02  0.000E+00  0.335E-04  0.474E-02
  0.30000  0.08760  0.04508  0.04900  0.191E-01  0.231E-01  0.153E-01  0.185E-01  0.000E+00  0.000E+00  0.372E-02  0.000E+00  0.291E-04  0.460E-02
  0.30000  0.08755  0.04558  0.04950  0.192E-01  0.231E-01  0.154E-01  0.187E-01  0.000E+00  0.000E+00  0.377E-02  0.000E+00  0.250E-04  0.445E-02
  0.30000  0.08750  0.04609  0.05000  0.194E-01  0.232E-01  0.156E-01  0.189E-01  0.000E+00  0.000E+00  0.382E-02  0.000E+00  0.214E-04  0.430E-02
  0.30000  0.08745  0.04659  0.05050  0.196E-01  0.232E-01  0.157E-01  0.190E-01  0.000E+00  0.000E+00  0.387E-02  0.000E+00  0.183E-04  0.414E-02
  0.30000  0.08740  0.04709  0.05100  0.197E-01  0.232E-01  0.158E-01  0.192E-01  0.000E+00  0.000E+00  0.392E-02  0.000E+00  0.155E-04  0.398E-02
  0.30000  0.08735  0.04759  0.05150  0.199E-01  0.232E-01  0.159E-01  0.194E-01  0.000E+00  0.000E+00  0.396E-02  0.000E+00  0.131E-04  0.382E-02
  0.30000  0.08730  0.04810  0.05200  0.201E-01  0.232E-01  0.160E-01  0.195E-01  0.000E+00  0.000E+00  0.401E-02  0.000E+00  0.110E-04  0.366E-02
  0.30000  0.08724  0.04860  0.05250  0.202E-01  0.232E-01  0.162E-01  0.197E-01  0.000E+00  0.000E+00  0.406E-02  0.000E+00  0.914E-05  0.349E-02
  0.30000  0.08719  0.04910  0.05300  0.204E-01  0.231E-01  0.163E-01  0.198E-01  0.000E+00  0.000E+00  0.410E-02  0.000E+00  0.758E-05  0.332E-02
  0.30000  0.08714  0.04960  0.05350  0.205E-01  0.231E-01  0.164E-01  0.200E-01  0.000E+00  0.000E+00  0.415E-02  0.000E+00  0.625E-05  0.316E-02
  0.30000  0.08708  0.05010  0.05400  0.206E-01  0.231E-01  0.164E-01  0.201E-01  0.000E+00  0.000E+00  0.419E-02  0.000E+00  0.513E-05  0.299E-02
  0.30000  0.08703  0.05061  0.05450  0.208E-01  0.231E-01  0.165E-01  0.202E-01  0.000E+00  0.000E+00  0.423E-02  0.000E+00  0.419E-05  0.282E-02
  0.30000  0.08697  0.05111  0.05500  0.209E-01  0.230E-01  0.166E-01  0.204E-01  0.000E+00  0.000E+00  0.428E-02  0.000E+00  0.340E-05  0.266E-02
  0.30000  0.08692  0.05161  0.05550  0.210E-01  0.230E-01  0.167E-01  0.205E-01  0.000E+00  0.000E+00  0.432E-02  0.000E+00  0.274E-05  0.250E-02
  0.30000  0.08686  0.05211  0.05600  0.211E-01  0.230E-01  0.168E-01  0.206E-01  0.000E+00  0.000E+00  0.436E-02  0.000E+00  0.220E-05  0.234E-02
  0.30000  0.08681  0.05262  0.05650  0.213E-01  0.229E-01  0.169E-01  0.207E-01  0.000E+00  0.000E+00  0.440E-02  0.000E+00  0.176E-05  0.218E-02
  0.30000  0.08675  0.05312  0.05700  0.214E-01  0.229E-01  0.169E-01  0.208E-01  0.000E+00  0.000E+00  0.444E-02  0.000E+00  0.140E-05  0.203E-02
  0.30000  0.08669  0.05362  0.05750  0.215E-01  0.228E-01  0.170E-01  0.210E-01  0.000E+00  0.000E+00  0.448E-02  0.000E+00  0.110E-05  0.188E-02
  0.30000  0.08664  0.05412  0.05800  0.216E-01  0.228E-01  0.170E-01  0.211E-01  0.000E+00  0.000E+00  0.452E-02  0.000E+00  0.868E-06  0.174E-02
  0.30000  0.08658  0.05463  0.05850  0.217E-01  0.228E-01  0.171E-01  0.212E-01  0.000E+00  0.000E+00  0.456E-02  0.000E+00  0.678E-06  0.161E-02
  0.30000  0.08652  0.05513  0.05900  0.218E-01  0.227E-01  0.172E-01  0.213E-01  0.000E+00  0.000E+00  0.460E-02  0.000E+00  0.527E-06  0.148E-02
  0.30000  0.08646  0.05563  0.05950  0.218E-01  0.227E-01  0.172E-01  0.213E-01  0.000E+00  0.000E+00  0.463E-02  0.000E+00  0.407E-06  0.136E-02
  0.30000  0.08640  0.05614  0.06000  0.219E-01  0.227E-01  0.173E-01  0.214E-01  0.000E+00  0.000E+00  0.467E-02  0.000E+00  0.313E-06  0.124E-02
  0.30000  0.08634  0.05664  0.06050  0.220E-01  0.226E-01  0.173E-01  0.215E-01  0.000E+00  0.000E+00  0.471E-02  0.000E+00  0.239E-06  0.113E-02
  0.30000  0.08628  0.05714  0.06100  0.221E-01  0.226E-01  0.173E-01  0.216E-01  0.000E+00  0.000E+00  0.474E-02  0.000E+00  0.182E-06  0.103E-02
  0.30000  0.08622  0.05764  0.06150  0.221E-01  0.226E-01  0.174E-01  0.217E-01  0.000E+00  0.000E+00  0.478E-02  0.000E+00  0.138E-06  0.928E-03
  0.30000  0.08616  0.05815  0.06200  0.222E-01  0.226E-01  0.174E-01  0.217E-01  0.000E+00  0.000E+00  0.481E-02  0.000E+00  0.104E-06  0.838E-03
  0.30000  0.08609  0.05865  0.06250  0.223E-01  0.225E-01  0.174E-01  0.218E-01  0.000E+00  0.000E+00  0.484E-02  0.000E+00  0.775E-07  0.754E-03
  0.30000  0.08603  0.05915  0.06300  0.223E-01  0.225E-01  0.174E-01  0.218E-01  0.000E+00  0.000E+00  0.488E-02  0.000E+00  0.577E-07  0.676E-03
  0.30000  0.08597  0.05965  0.06350  0.224E-01  0.225E-01  0.174E-01  0.219E-01  0.000E+00  0.000E+00  0.491E-02  0.000E+00  0.427E-07  0.604E-03
  0.30000  0.08590  0.06016  0.06400  0.224E-01  0.225E-01  0.175E-01  0.219E-01  0.000E+00  0.000E+00  0.494E-02  0.000E+00  0.314E-07  0.538E-03
  0.30000  0.08584  0.06066  0.06450  0.224E-01  0.225E-01  0.175E-01  0.220E-01  0.000E+00  0.000E+00  0.497E-02  0.000E+00  0.230E-07  0.478E-03
  0.30000  0.08577  0.06116  0.06500  0.225E-01  0.225E-01  0.175E-01  0.220E-01  0.000E+00  0.000E+00  0.500E-02  0.000E+00  0.168E-07  0.423E-03
  0.30000  0.08571  0.06167  0.06550  0.225E-01  0.224E-01  0.175E-01  0.221E-01  0.000E+00  0.000E+00  0.503E-02  0.000E+00  0.121E-07  0.373E-03
  0.30000  0.08564  0.06217  0.06600  0.225E-01  0.224E-01  0.175E-01  0.221E-01  0.000E+00  0.000E+00  0.506E-02  0.000E+00  0.874E-08  0.328E-03
  0.30000  0.08558  0.06267  0.06650  0.226E-01  0.224E-01  0.175E-01  0.221E-01  0.000E+00  0.000E+00  0.508E-02  0.000E+00  0.626E-08  0.288E-03
  0.30000  0.08551  0.06318  0.06700  0.226E-01  0.224E-01  0.175E-01  0.222E-01  0.000E+00  0.000E+00  0.511E-02  0.000E+00  0.446E-08  0.252E-03
  0.30000  0.08544  0.06368  0.06750  0.226E-01  0.224E-01  0.174E-01  0.222E-01  0.000E+00  0.000E+00  0.514E-02  0.000E+00  0.316E-08  0.219E-03
  0.30000  0.08538  0.06418  0.06800  0.226E-01  0.224E-01  0.174E-01  0.222E-01  0.000E+00  0.000E+00  0.516E-02  0.000E+00  0.223E-08  0.190E-03
  0.30000  0.08531  0.06468  0.06850  0.226E-01  0.224E-01  0.174E-01  0.222E-01  0.000E+00  0.000E+00  0.519E-02  0.000E+00  0.156E-08  0.165E-03
  0.30000  0.08524  0.06519  0.06900  0.226E-01  0.224E-01  0.174E-01  0.222E-01  0.000E+00  0.000E+00  0.521E-02  0.000E+00  0.109E-08  0.142E-03
  0.30000  0.08517  0.06569  0.06950  0.226E-01  0.223E-01  0.174E-01  0.222E-01  0.000E+00  0.000E+00  0.524E-02  0.000E+00  0.755E-09  0.122E-03
  0.30000  0.08510  0.06619  0.07000  0.226E-01  0.223E-01  0.173E-01  0.222E-01  0.000E+00  0.000E+00  0.526E-02  0.000E+00  0.521E-09  0.105E-03
  0.30000  0.08503  0.06670  0.07050  0.226E-01  0.223E-01  0.173E-01  0.222E-01  0.000E+00  0.000E+00  0.528E-02  0.000E+00  0.357E-09  0.895E-04
  0.30000  0.08496  0.06720  0.07100  0.226E-01  0.223E-01  0.173E-01  0.222E-01  0.000E+00  0.000E+00  0.530E-02  0.000E+00  0.244E-09  0.762E-04
  0.30000  0.08489  0.06770  0.07150  0.225E-01  0.223E-01  0.172E-01  0.222E-01  0.000E+00  0.000E+00  0.532E-02  0.000E+00  0.165E-09  0.647E-04
  0.30000  0.08482  0.06821  0.07200  0.225E-01  0.222E-01  0.172E-01  0.222E-01  0.000E+00  0.000E+00  0.534E-02  0.000E+00  0.112E-09  0.547E-04
  0.30000  0.08474  0.06871  0.07250  0.225E-01  0.222E-01  0.171E-01  0.222E-01  0.000E+00  0.000E+00  0.536E-02  0.000E+00  0.748E-10  0.461E-04
  0.30000  0.08467  0.06921  0.07300  0.225E-01  0.222E-01  0.171E-01  0.221E-01  0.000E+00  0.000E+00  0.538E-02  0.000E+00  0.499E-10  0.388E-04
  0.30000  0.08460  0.06972  0.07350  0.224E-01  0.221E-01  0.170E-01  0.221E-01  0.000E+00  0.000E+00  0.540E-02  0.000E+00  0.332E-10  0.325E-04
  0.30000  0.08452  0.07022  0.07400  0.224E-01  0.221E-01  0.170E-01  0.221E-01  0.000E+00  0.000E+00  0.541E-02  0.000E+00  0.219E-10  0.271E-04
  0.30000  0.08445  0.07072  0.07450  0.224E-01  0.221E-01  0.169E-01  0.220E-01  0.000E+00  0.000E+00  0.543E-02  0.000E+00  0.144E-10  0.226E-04
  0.30000  0.08437  0.07123  0.07500  0.223E-01  0.220E-01  0.169E-01  0.220E-01  0.000E+00  0.000E+00  0.545E-02  0.000E+00  0.938E-11  0.187E-04
  0.30000  0.08430  0.07173  0.07550  0.223E-01  0.220E-01  0.168E-01  0.220E-01  0.000E+00  0.000E+00  0.546E-02  0.000E+00  0.609E-11  0.155E-04
  0.30000  0.08422  0.07223  0.07600  0.222E-01  0.219E-01  0.167E-01  0.219E-01  0.000E+00  0.000E+00  0.548E-02  0.000E+00  0.394E-11  0.128E-04
  0.30000  0.08415  0.07274  0.07650  0.221E-01  0.219E-01  0.167E-01  0.219E-01  0.000E+00  0.000E+00  0.549E-02  0.000E+00  0.253E-11  0.105E-04
  0.30000  0.08407  0.07324  0.07700  0.221E-01  0.218E-01  0.166E-01  0.218E-01  0.000E+00  0.000E+00  0.550E-02  0.000E+00  0.162E-11  0.860E-05
  0.30000  0.08399  0.07374  0.07750  0.220E-01  0.218E-01  0.165E-01  0.218E-01  0.000E+00  0.000E+00  0.551E-02  0.000E+00  0.103E-11  0.702E-05
  0.30000  0.08392  0.07425  0.07800  0.220E-01  0.217E-01  0.164E-01  0.217E-01  0.000E+00  0.000E+00  0.553E-02  0.000E+00  0.649E-12  0.571E-05
  0.30000  0.08384  0.07475  0.07850  0.219E-01  0.217E-01  0.164E-01  0.217E-01  0.000E+00  0.000E+00  0.554E-02  0.000E+00  0.408E-12  0.463E-05
  0.30000  0.08376  0.07525  0.07900  0.218E-01  0.216E-01  0.163E-01  0.216E-01  0.000E+00  0.000E+00  0.555E-02  0.000E+00  0.255E-12  0.374E-05
  0.30000  0.08368  0.07576  0.07950  0.218E-01  0.215E-01  0.162E-01  0.215E-01  0.000E+00  0.000E+00  0.555E-02  0.000E+00  0.159E-12  0.302E-05
  0.30000  0.08360  0.07626  0.08000  0.217E-01  0.215E-01  0.161E-01  0.215E-01  0.000E+00  0.000E+00  0.556E-02  0.000E+00  0.980E-13  0.242E-05
  0.30000  0.08352  0.07676  0.08050  0.216E-01  0.214E-01  0.160E-01  0.214E-01  0.925E-07  0.336E-07  0.557E-02  0.000E+00  0.603E-13  0.194E-05
  0.30000  0.08344  0.07727  0.08100  0.215E-01  0.213E-01  0.159E-01  0.213E-01  0.951E-07  0.321E-07  0.558E-02  0.000E+00  0.369E-13  0.155E-05
  0.30000  0.08336  0.07777  0.08150  0.214E-01  0.212E-01  0.158E-01  0.212E-01  0.976E-07  0.310E-07  0.558E-02  0.000E+00  0.224E-13  0.123E-05
  0.30000  0.08328  0.07827  0.08200  0.213E-01  0.212E-01  0.158E-01  0.212E-01  0.999E-07  0.301E-07  0.559E-02  0.000E+00  0.136E-13  0.976E-06
  0.30000  0.08319  0.07878  0.08250  0.213E-01  0.211E-01  0.157E-01  0.211E-01  0.102E-06  0.294E-07  0.559E-02  0.000E+00  0.816E-14  0.771E-06
  0.30000  0.08311  0.07928  0.08300  0.212E-01  0.210E-01  0.156E-01  0.210E-01  0.222E-06  0.728E-07  0.560E-02  0.000E+00  0.489E-14  0.607E-06
  0.30000  0.08303  0.07979  0.08350  0.211E-01  0.209E-01  0.155E-01  0.209E-01  0.228E-06  0.705E-07  0.560E-02  0.000E+00  0.000E+00  0.477E-06
  0.30000  0.08294  0.08029  0.08400  0.210E-01  0.208E-01  0.154E-01  0.208E-01  0.233E-06  0.687E-07  0.561E-02  0.000E+00  0.000E+00  0.373E-06
  0.30000  0.08286  0.08079  0.08450  0.209E-01  0.207E-01  0.153E-01  0.207E-01  0.238E-06  0.673E-07  0.561E-02  0.000E+00  0.000E+00  0.291E-06
  0.30000  0.08277  0.08130  0.08500  0.208E-01  0.206E-01  0.152E-01  0.206E-01  0.243E-06  0.663E-07  0.561E-02  0.000E+00  0.000E+00  0.226E-06
  0.30000  0.08269  0.08180  0.08550  0.207E-01  0.205E-01  0.151E-01  0.205E-01  0.398E-06  0.122E-06  0.561E-02  0.000E+00  0.000E+00  0.175E-06
  0.30000  0.08260  0.08231  0.08600  0.206E-01  0.204E-01  0.149E-01  0.204E-01  0.407E-06  0.119E-06  0.561E-02  0.000E+00  0.000E+00  0.135E-06
  0.30000  0.08252  0.08281  0.08650  0.204E-01  0.203E-01  0.148E-01  0.203E-01  0.415E-06  0.117E-06  0.561E-02  0.000E+00  0.000E+00  0.104E-06
  0.30000  0.08243  0.08331  0.08700  0.203E-01  0.202E-01  0.147E-01  0.202E-01  0.424E-06  0.115E-06  0.561E-02  0.000E+00  0.000E+00  0.800E-07
  0.30000  0.08234  0.08382  0.08750  0.202E-01  0.201E-01  0.146E-01  0.201E-01  0.432E-06  0.114E-06  0.561E-02  0.000E+00  0.000E+00  0.612E-07
  0.30000  0.08226  0.08432  0.08800  0.201E-01  0.200E-01  0.145E-01  0.200E-01  0.630E-06  0.186E-06  0.560E-02  0.000E+00  0.000E+00  0.466E-07
  0.30000  0.08217  0.08482  0.08850  0.200E-01  0.199E-01  0.144E-01  0.199E-01  0.643E-06  0.182E-06  0.560E-02  0.000E+00  0.000E+00  0.354E-07
  0.30000  0.08208  0.08533  0.08900  0.199E-01  0.198E-01  0.143E-01  0.198E-01  0.656E-06  0.179E-06  0.560E-02  0.000E+00  0.000E+00  0.268E-07
  0.30000  0.08199  0.08583  0.08950  0.198E-01  0.197E-01  0.142E-01  0.197E-01  0.669E-06  0.177E-06  0.559E-02  0.000E+00  0.000E+00  0.203E-07
  0.30000  0.08190  0.08634  0.09000  0.196E-01  0.196E-01  0.141E-01  0.196E-01  0.681E-06  0.175E-06  0.559E-02  0.000E+00  0.000E+00  0.152E-07
  0.30000  0.08181  0.08684  0.09050  0.195E-01  0.195E-01  0.139E-01  0.195E-01  0.931E-06  0.268E-06  0.558E-02  0.000E+00  0.000E+00  0.114E-07
  0.30000  0.08172  0.08734  0.09100  0.194E-01  0.194E-01  0.138E-01  0.194E-01  0.950E-06  0.263E-06  0.557E-02  0.000E+00  0.000E+00  0.855E-08
  0.30000  0.08163  0.08785  0.09150  0.193E-01  0.192E-01  0.137E-01  0.192E-01  0.969E-06  0.259E-06  0.557E-02  0.000E+00  0.000E+00  0.637E-08
  0.30000  0.08154  0.08835  0.09200  0.191E-01  0.191E-01  0.136E-01  0.191E-01  0.987E-06  0.257E-06  0.556E-02  0.000E+00  0.000E+00  0.473E-08
  0.30000  0.08144  0.08886  0.09250  0.190E-01  0.190E-01  0.135E-01  0.190E-01  0.100E-05  0.255E-06  0.555E-02  0.000E+00  0.000E+00  0.350E-08
  0.30000  0.08135  0.08936  0.09300  0.189E-01  0.189E-01  0.134E-01  0.189E-01  0.132E-05  0.372E-06  0.554E-02  0.000E+00  0.000E+00  0.258E-08
  0.30000  0.08126  0.08987  0.09350  0.188E-01  0.188E-01  0.132E-01  0.188E-01  0.134E-05  0.367E-06  0.553E-02  0.000E+00  0.000E+00  0.190E-08
  0.30000  0.08116  0.09037  0.09400  0.186E-01  0.186E-01  0.131E-01  0.186E-01  0.137E-05  0.362E-06  0.552E-02  0.000E+00  0.000E+00  0.139E-08
  0.30000  0.08107  0.09087  0.09450  0.185E-01  0.185E-01  0.130E-01  0.185E-01  0.140E-05  0.359E-06  0.551E-02  0.000E+00  0.000E+00  0.102E-08
  0.30000  0.08097  0.09138  0.09500  0.184E-01  0.184E-01  0.129E-01  0.184E-01  0.178E-05  0.515E-06  0.550E-02  0.000E+00  0.000E+00  0.741E-09
  0.30000  0.08088  0.09188  0.09550  0.182E-01  0.183E-01  0.127E-01  0.183E-01  0.181E-05  0.505E-06  0.549E-02  0.000E+00  0.000E+00  0.538E-09
  0.30000  0.08078  0.09239  0.09600  0.181E-01  0.181E-01  0.126E-01  0.181E-01  0.185E-05  0.499E-06  0.548E-02  0.000E+00  0.000E+00  0.389E-09
  0.30000  0.08069  0.09289  0.09650  0.180E-01  0.180E-01  0.125E-01  0.180E-01  0.188E-05  0.494E-06  0.546E-02  0.000E+00  0.000E+00  0.281E-09
  0.30000  0.08059  0.09340  0.09700  0.178E-01  0.179E-01  0.124E-01  0.179E-01  0.192E-05  0.490E-06  0.545E-02  0.000E+00  0.000E+00  0.202E-09
  0.30000  0.08049  0.09390  0.09750  0.177E-01  0.178E-01  0.123E-01  0.178E-01  0.239E-05  0.685E-06  0.544E-02  0.000E+00  0.000E+00  0.145E-09
  0.30000  0.08040  0.09440  0.09800  0.176E-01  0.176E-01  0.121E-01  0.176E-01  0.244E-05  0.674E-06  0.542E-02  0.000E+00  0.000E+00  0.103E-09
  0.30000  0.08030  0.09491  0.09850  0.174E-01  0.175E-01  0.120E-01  0.175E-01  0.248E-05  0.666E-06  0.541E-02  0.000E+00  0.000E+00  0.735E-10
  0.30000  0.08020  0.09541  0.09900  0.173E-01  0.174E-01  0.119E-01  0.174E-01  0.253E-05  0.660E-06  0.539E-02  0.000E+00  0.000E+00  0.522E-10
  0.30000  0.08010  0.09592  0.09950  0.172E-01  0.173E-01  0.118E-01  0.173E-01  0.257E-05  0.655E-06  0.537E-02  0.000E+00  0.000E+00  0.369E-10
  0.30000  0.08000  0.09642  0.10000  0.170E-01  0.171E-01  0.117E-01  0.171E-01  0.316E-05  0.899E-06  0.536E-02  0.000E+00  0.000E+00  0.260E-10
  0.30000  0.07990  0.09693  0.10050  0.169E-01  0.170E-01  0.115E-01  0.170E-01  0.322E-05  0.886E-06  0.534E-02  0.000E+00  0.000E+00  0.183E-10
  0.30000  0.07980  0.09743  0.10100  0.167E-01  0.169E-01  0.114E-01  0.169E-01  0.328E-05  0.876E-06  0.532E-02  0.000E+00  0.000E+00  0.128E-10
  0.30000  0.07970  0.09794  0.10150  0.166E-01  0.167E-01  0.113E-01  0.167E-01  0.333E-05  0.869E-06  0.530E-02  0.000E+00  0.000E+00  0.893E-11
  0.30000  0.07960  0.09844  0.10200  0.165E-01  0.166E-01  0.112E-01  0.166E-01  0.339E-05  0.864E-06  0.528E-02  0.000E+00  0.000E+00  0.621E-11
  0.30000  0.07949  0.09894  0.10250  0.163E-01  0.165E-01  0.110E-01  0.165E-01  0.411E-05  0.117E-05  0.526E-02  0.000E+00  0.000E+00  0.431E-11
  0.30000  0.07939  0.09945  0.10300  0.162E-01  0.163E-01  0.109E-01  0.163E-01  0.419E-05  0.115E-05  0.524E-02  0.000E+00  0.000E+00  0.298E-11
  0.30000  0.07929  0.09995  0.10350  0.160E-01  0.162E-01  0.108E-01  0.162E-01  0.427E-05  0.114E-05  0.522E-02  0.000E+00  0.000E+00  0.205E-11
  0.30000  0.07918  0.10046  0.10400  0.159E-01  0.161E-01  0.107E-01  0.161E-01  0.434E-05  0.113E-05  0.520E-02  0.000E+00  0.000E+00  0.141E-11
  0.30000  0.07908  0.10096  0.10450  0.158E-01  0.159E-01  0.106E-01  0.159E-01  0.441E-05  0.113E-05  0.518E-02  0.000E+00  0.000E+00  0.963E-12
  0.30000  0.07897  0.10147  0.10500  0.156E-01  0.158E-01  0.105E-01  0.158E-01  0.530E-05  0.150E-05  0.516E-02  0.000E+00  0.000E+00  0.657E-12
  0.30000  0.07887  0.10197  0.10550  0.155E-01  0.157E-01  0.103E-01  0.157E-01  0.539E-05  0.148E-05  0.514E-02  0.000E+00  0.000E+00  0.447E-12
  0.30000  0.07876  0.10248  0.10600  0.153E-01  0.156E-01  0.102E-01  0.156E-01  0.549E-05  0.147E-05  0.511E-02  0.000E+00  0.000E+00  0.303E-12
  0.30000  0.07866  0.10298  0.10650  0.152E-01  0.154E-01  0.101E-01  0.154E-01  0.558E-05  0.146E-05  0.509E-02  0.000E+00  0.000E+00  0.205E-12
  0.30000  0.07855  0.10349  0.10700  0.151E-01  0.153E-01  0.998E-02  0.153E-01  0.663E-05  0.193E-05  0.507E-02  0.000E+00  0.000E+00  0.138E-12
  0.30000  0.07844  0.10399  0.10750  0.149E-01  0.152E-01  0.986E-02  0.152E-01  0.675E-05  0.190E-05  0.504E-02  0.000E+00  0.000E+00  0.924E-13
  0.30000  0.07834  0.10450  0.10800  0.148E-01  0.150E-01  0.975E-02  0.150E-01  0.687E-05  0.188E-05  0.502E-02  0.000E+00  0.000E+00  0.618E-13
  0.30000  0.07823  0.10500  0.10850  0.146E-01  0.149E-01  0.963E-02  0.149E-01  0.699E-05  0.187E-05  0.499E-02  0.000E+00  0.000E+00  0.000E+00
  0.30000  0.07812  0.10551  0.10900  0.145E-01  0.148E-01  0.952E-02  0.148E-01  0.710E-05  0.186E-05  0.497E-02  0.000E+00  0.000E+00  0.000E+00
  0.30000  0.07801  0.10601  0.10950  0.144E-01  0.146E-01  0.940E-02  0.146E-01  0.837E-05  0.244E-05  0.494E-02  0.000E+00  0.000E+00  0.000E+00
  0.30000  0.07790  0.10652  0.11000  0.142E-01  0.145E-01  0.929E-02  0.145E-01  0.852E-05  0.240E-05  0.492E-02  0.000E+00  0.000E+00  0.000E+00
  0.30000  0.07779  0.10702  0.11050  0.141E-01  0.144E-01  0.918E-02  0.144E-01  0.867E-05  0.238E-05  0.489E-02  0.000E+00  0.000E+00  0.000E+00
  0.30000  0.07768  0.10753  0.11100  0.139E-01  0.143E-01  0.907E-02  0.143E-01  0.881E-05  0.237E-05  0.486E-02  0.000E+00  0.000E+00  0.000E+00
  0.30000  0.07757  0.10803  0.11150  0.138E-01  0.141E-01  0.895E-02  0.141E-01  0.896E-05  0.236E-05  0.484E-02  0.000E+00  0.000E+00  0.000E+00
  0.30000  0.07746  0.10854  0.11200  0.137E-01  0.140E-01  0.884E-02  0.140E-01  0.105E-04  0.305E-05  0.481E-02  0.000E+00  0.000E+00  0.000E+00
  0.30000  0.07734  0.10904  0.11250  0.135E-01  0.139E-01  0.873E-02  0.139E-01  0.107E-04  0.302E-05  0.478E-02  0.000E+00  0.000E+00  0.000E+00
  0.30000  0.07723  0.10955  0.11300  0.134E-01  0.138E-01  0.862E-02  0.138E-01  0.109E-04  0.299E-05  0.475E-02  0.000E+00  0.000E+00  0.000E+00
  0.30000  0.07712  0.11005  0.11350  0.133E-01  0.136E-01  0.852E-02  0.136E-01  0.110E-04  0.297E-05  0.472E-02  0.000E+00  0.000E+00  0.000E+00
  0.30000  0.07700  0.11056  0.11400  0.131E-01  0.135E-01  0.841E-02  0.135E-01  0.112E-04  0.296E-05  0.470E-02  0.000E+00  0.000E+00  0.000E+00
  0.30000  0.07689  0.11106  0.11450  0.130E-01  0.134E-01  0.830E-02  0.134E-01  0.130E-04  0.379E-05  0.467E-02  0.000E+00  0.000E+00  0.000E+00
  0.30000  0.07677  0.11157  0.11500  0.128E-01  0.133E-01  0.819E-02  0.133E-01  0.133E-04  0.375E-05  0.464E-02  0.000E+00  0.000E+00  0.000E+00
  0.30000  0.07666  0.11207  0.11550  0.127E-01  0.131E-01  0.809E-02  0.131E-01  0.135E-04  0.373E-05  0.461E-02  0.000E+00  0.000E+00  0.000E+00
  0.30000  0.07654  0.11258  0.11600  0.126E-01  0.130E-01  0.798E-02  0.130E-01  0.137E-04  0.371E-05  0.458E-02  0.000E+00  0.000E+00  0.000E+00
  0.30000  0.07643  0.11308  0.11650  0.124E-01  0.129E-01  0.788E-02  0.129E-01  0.158E-04  0.475E-05  0.455E-02  0.000E+00  0.000E+00  0.000E+00
  0.30000  0.07631  0.11359  0.11700  0.123E-01  0.128E-01  0.778E-02  0.128E-01  0.161E-04  0.469E-05  0.452E-02  0.000E+00  0.000E+00  0.000E+00
  0.30000  0.07619  0.11409  0.11750  0.122E-01  0.126E-01  0.768E-02  0.126E-01  0.164E-04  0.465E-05  0.449E-02  0.000E+00  0.000E+00  0.000E+00
  0.30000  0.07608  0.11460  0.11800  0.120E-01  0.125E-01  0.757E-02  0.125E-01  0.166E-04  0.462E-05  0.445E-02  0.000E+00  0.000E+00  0.000E+00
  0.30000  0.07596  0.11510  0.11850  0.119E-01  0.124E-01  0.747E-02  0.124E-01  0.169E-04  0.460E-05  0.442E-02  0.000E+00  0.000E+00  0.000E+00
  0.30000  0.07584  0.11561  0.11900  0.118E-01  0.123E-01  0.737E-02  0.123E-01  0.194E-04  0.582E-05  0.439E-02  0.000E+00  0.000E+00  0.000E+00
  0.30000  0.07572  0.11611  0.11950  0.117E-01  0.122E-01  0.728E-02  0.122E-01  0.198E-04  0.576E-05  0.436E-02  0.000E+00  0.000E+00  0.000E+00
  0.30000  0.07560  0.11662  0.12000  0.115E-01  0.121E-01  0.718E-02  0.120E-01  0.201E-04  0.572E-05  0.433E-02  0.000E+00  0.000E+00  0.000E+00
  0.30000  0.07548  0.11712  0.12050  0.114E-01  0.119E-01  0.708E-02  0.119E-01  0.204E-04  0.569E-05  0.430E-02  0.000E+00  0.000E+00  0.000E+00
  0.30000  0.07536  0.11763  0.12100  0.113E-01  0.118E-01  0.698E-02  0.118E-01  0.208E-04  0.566E-05  0.426E-02  0.000E+00  0.000E+00  0.000E+00
  0.30000  0.07524  0.11813  0.12150  0.111E-01  0.117E-01  0.689E-02  0.117E-01  0.237E-04  0.711E-05  0.423E-02  0.000E+00  0.000E+00  0.000E+00
  0.30000  0.07512  0.11864  0.12200  0.110E-01  0.116E-01  0.679E-02  0.116E-01  0.241E-04  0.704E-05  0.420E-02  0.000E+00  0.000E+00  0.000E+00
  0.30000  0.07499  0.11915  0.12250  0.109E-01  0.115E-01  0.670E-02  0.115E-01  0.245E-04  0.699E-05  0.417E-02  0.000E+00  0.000E+00  0.000E+00
  0.30000  0.07487  0.11965  0.12300  0.108E-01  0.114E-01  0.661E-02  0.114E-01  0.249E-04  0.696E-05  0.413E-02  0.000E+00  0.000E+00  0.000E+00
  0.30000  0.07475  0.12016  0.12350  0.106E-01  0.112E-01  0.652E-02  0.112E-01  0.283E-04  0.873E-05  0.410E-02  0.000E+00  0.000E+00  0.000E+00
  0.30000  0.07462  0.12066  0.12400  0.105E-01  0.111E-01  0.642E-02  0.111E-01  0.288E-04  0.863E-05  0.407E-02  0.000E+00  0.000E+00  0.000E+00
  0.30000  0.07450  0.12117  0.12450  0.104E-01  0.110E-01  0.633E-02  0.110E-01  0.292E-04  0.856E-05  0.403E-02  0.000E+00  0.000E+00  0.000E+00
  0.30000  0.07437  0.12167  0.12500  0.103E-01  0.109E-01  0.624E-02  0.109E-01  0.297E-04  0.851E-05  0.400E-02  0.000E+00  0.000E+00  0.000E+00
  0.30000  0.07425  0.12218  0.12550  0.102E-01  0.108E-01  0.616E-02  0.108E-01  0.302E-04  0.847E-05  0.397E-02  0.000E+00  0.000E+00  0.000E+00
  0.30000  0.07412  0.12268  0.12600  0.100E-01  0.107E-01  0.607E-02  0.107E-01  0.341E-04  0.105E-04  0.393E-02  0.000E+00  0.000E+00  0.000E+00
  0.30000  0.07400  0.12319  0.12650  0.991E-02  0.106E-01  0.598E-02  0.106E-01  0.347E-04  0.104E-04  0.390E-02  0.000E+00  0.000E+00  0.000E+00
  0.30000  0.07387  0.12370  0.12700  0.979E-02  0.105E-01  0.590E-02  0.105E-01  0.353E-04  0.103E-04  0.386E-02  0.000E+00  0.000E+00  0.000E+00
  0.30000  0.07374  0.12420  0.12750  0.968E-02  0.104E-01  0.581E-02  0.104E-01  0.359E-04  0.103E-04  0.383E-02  0.000E+00  0.000E+00  0.000E+00
  0.30000  0.07362  0.12471  0.12800  0.956E-02  0.103E-01  0.573E-02  0.103E-01  0.364E-04  0.103E-04  0.380E-02  0.000E+00  0.000E+00  0.000E+00
  0.30000  0.07349  0.12521  0.12850  0.945E-02  0.102E-01  0.564E-02  0.102E-01  0.410E-04  0.126E-04  0.376E-02  0.000E+00  0.000E+00  0.000E+00
  0.30000  0.07336  0.12572  0.12900  0.933E-02  0.101E-01  0.556E-02  0.100E-01  0.417E-04  0.125E-04  0.373E-02  0.000E+00  0.000E+00  0.000E+00
  0.30000  0.07323  0.12622  0.12950  0.921E-02  0.996E-02  0.548E-02  0.994E-02  0.424E-04  0.124E-04  0.369E-02  0.000E+00  0.000E+00  0.000E+00
  0.30000  0.07310  0.12673  0.13000  0.910E-02  0.985E-02  0.540E-02  0.984E-02  0.431E-04  0.124E-04  0.366E-02  0.000E+00  0.000E+00  0.000E+00
  0.30000  0.07297  0.12724  0.13050  0.899E-02  0.975E-02  0.532E-02  0.974E-02  0.482E-04  0.153E-04  0.362E-02  0.000E+00  0.000E+00  0.000E+00
  0.30000  0.07284  0.12774  0.13100  0.888E-02  0.965E-02  0.524E-02  0.964E-02  0.490E-04  0.151E-04  0.359E-02  0.000E+00  0.000E+00  0.000E+00
  0.30000  0.07271  0.12825  0.13150  0.877E-02  0.955E-02  0.516E-02  0.954E-02  0.498E-04  0.150E-04  0.355E-02  0.000E+00  0.000E+00  0.000E+00
  0.30000  0.07258  0.12875  0.13200  0.865E-02  0.945E-02  0.508E-02  0.944E-02  0.506E-04  0.149E-04  0.352E-02  0.000E+00  0.000E+00  0.000E+00
  0.30000  0.07244  0.12926  0.13250  0.854E-02  0.935E-02  0.501E-02  0.934E-02  0.514E-04  0.148E-04  0.348E-02  0.000E+00  0.000E+00  0.000E+00
  0.30000  0.07231  0.12977  0.13300  0.844E-02  0.926E-02  0.493E-02  0.924E-02  0.573E-04  0.181E-04  0.345E-02  0.000E+00  0.000E+00  0.000E+00
  0.30000  0.07218  0.13027  0.13350  0.833E-02  0.916E-02  0.486E-02  0.914E-02  0.583E-04  0.179E-04  0.342E-02  0.000E+00  0.000E+00  0.000E+00
  0.30000  0.07204  0.13078  0.13400  0.826E-02  0.906E-02  0.478E-02  0.904E-02  0.592E-04  0.178E-04  0.341E-02  0.000E+00  0.000E+00  0.000E+00
  0.30000  0.07191  0.13128  0.13450  0.819E-02  0.897E-02  0.471E-02  0.895E-02  0.602E-04  0.177E-04  0.342E-02  0.000E+00  0.000E+00  0.000E+00
  0.30000  0.07177  0.13179  0.13500  0.813E-02  0.887E-02  0.464E-02  0.885E-02  0.611E-04  0.177E-04  0.343E-02  0.000E+00  0.000E+00  0.000E+00
  0.30000  0.07164  0.13230  0.13550  0.808E-02  0.878E-02  0.457E-02  0.876E-02  0.679E-04  0.214E-04  0.344E-02  0.000E+00  0.000E+00  0.000E+00
  0.30000  0.07150  0.13280  0.13600  0.802E-02  0.869E-02  0.450E-02  0.866E-02  0.690E-04  0.212E-04  0.345E-02  0.000E+00  0.000E+00  0.000E+00
  0.30000  0.07137  0.13331  0.13650  0.796E-02  0.859E-02  0.443E-02  0.857E-02  0.701E-04  0.211E-04  0.347E-02  0.000E+00  0.000E+00  0.000E+00
  0.30000  0.07123  0.13381  0.13700  0.791E-02  0.850E-02  0.436E-02  0.848E-02  0.712E-04  0.210E-04  0.348E-02  0.000E+00  0.000E+00  0.000E+00
  0.30000  0.07109  0.13432  0.13750  0.786E-02  0.841E-02  0.429E-02  0.839E-02  0.787E-04  0.254E-04  0.349E-02  0.000E+00  0.000E+00  0.000E+00
  0.30000  0.07096  0.13483  0.13800  0.780E-02  0.832E-02  0.422E-02  0.830E-02  0.800E-04  0.252E-04  0.350E-02  0.000E+00  0.000E+00  0.000E+00
  0.30000  0.07082  0.13533  0.13850  0.775E-02  0.823E-02  0.416E-02  0.821E-02  0.813E-04  0.250E-04  0.351E-02  0.000E+00  0.000E+00  0.000E+00
  0.30000  0.07068  0.13584  0.13900  0.770E-02  0.814E-02  0.409E-02  0.812E-02  0.826E-04  0.249E-04  0.353E-02  0.000E+00  0.000E+00  0.000E+00
  0.30000  0.07054  0.13634  0.13950  0.765E-02  0.806E-02  0.402E-02  0.803E-02  0.839E-04  0.248E-04  0.354E-02  0.000E+00  0.000E+00  0.000E+00
  0.30000  0.07040  0.13685  0.14000  0.761E-02  0.797E-02  0.396E-02  0.794E-02  0.924E-04  0.297E-04  0.355E-02  0.000E+00  0.000E+00  0.000E+00
  0.30000  0.07026  0.13736  0.14050  0.756E-02  0.789E-02  0.390E-02  0.786E-02  0.939E-04  0.295E-04  0.357E-02  0.000E+00  0.000E+00  0.000E+00
  0.30000  0.07012  0.13786  0.14100  0.751E-02  0.780E-02  0.383E-02  0.777E-02  0.954E-04  0.293E-04  0.358E-02  0.000E+00  0.000E+00  0.000E+00
  0.30000  0.06998  0.13837  0.14150  0.746E-02  0.771E-02  0.377E-02  0.768E-02  0.969E-04  0.292E-04  0.359E-02  0.000E+00  0.000E+00  0.000E+00
  0.30000  0.06984  0.13888  0.14200  0.742E-02  0.763E-02  0.371E-02  0.760E-02  0.985E-04  0.292E-04  0.361E-02  0.000E+00  0.000E+00  0.000E+00
  0.30000  0.06969  0.13938  0.14250  0.738E-02  0.755E-02  0.365E-02  0.752E-02  0.108E-03  0.347E-04  0.362E-02  0.000E+00  0.000E+00  0.000E+00
  0.30000  0.06955  0.13989  0.14300  0.734E-02  0.747E-02  0.359E-02  0.743E-02  0.110E-03  0.344E-04  0.364E-02  0.000E+00  0.000E+00  0.000E+00
  0.30000  0.06941  0.14040  0.14350  0.730E-02  0.739E-02  0.353E-02  0.735E-02  0.112E-03  0.343E-04  0.366E-02  0.000E+00  0.000E+00  0.000E+00
  0.30000  0.06926  0.14090  0.14400  0.726E-02  0.730E-02  0.347E-02  0.727E-02  0.113E-03  0.342E-04  0.367E-02  0.000E+00  0.000E+00  0.000E+00
  0.30000  0.06912  0.14141  0.14450  0.723E-02  0.723E-02  0.342E-02  0.719E-02  0.124E-03  0.405E-04  0.369E-02  0.000E+00  0.000E+00  0.000E+00
  0.30000  0.06897  0.14191  0.14500  0.719E-02  0.715E-02  0.336E-02  0.711E-02  0.126E-03  0.402E-04  0.371E-02  0.000E+00  0.000E+00  0.000E+00
  0.30000  0.06883  0.14242  0.14550  0.715E-02  0.707E-02  0.330E-02  0.703E-02  0.128E-03  0.400E-04  0.372E-02  0.000E+00  0.000E+00  0.000E+00
  0.30000  0.06868  0.14293  0.14600  0.712E-02  0.699E-02  0.325E-02  0.695E-02  0.130E-03  0.399E-04  0.374E-02  0.000E+00  0.000E+00  0.000E+00
  0.30000  0.06854  0.14343  0.14650  0.708E-02  0.691E-02  0.319E-02  0.687E-02  0.132E-03  0.398E-04  0.376E-02  0.000E+00  0.000E+00  0.000E+00
  0.30000  0.06839  0.14394  0.14700  0.706E-02  0.684E-02  0.314E-02  0.679E-02  0.144E-03  0.468E-04  0.378E-02  0.000E+00  0.000E+00  0.000E+00
  0.30000  0.06824  0.14445  0.14750  0.703E-02  0.676E-02  0.309E-02  0.672E-02  0.146E-03  0.465E-04  0.380E-02  0.000E+00  0.000E+00  0.000E+00
  0.30000  0.06810  0.14495  0.14800  0.700E-02  0.669E-02  0.303E-02  0.664E-02  0.148E-03  0.463E-04  0.382E-02  0.000E+00  0.000E+00  0.000E+00
  0.30000  0.06795  0.14546  0.14850  0.697E-02  0.661E-02  0.298E-02  0.657E-02  0.150E-03  0.462E-04  0.384E-02  0.000E+00  0.000E+00  0.000E+00
  0.30000  0.06780  0.14597  0.14900  0.695E-02  0.655E-02  0.293E-02  0.649E-02  0.163E-03  0.543E-04  0.386E-02  0.000E+00  0.000E+00  0.000E+00
  0.30000  0.06765  0.14647  0.14950  0.692E-02  0.647E-02  0.288E-02  0.642E-02  0.166E-03  0.539E-04  0.388E-02  0.000E+00  0.000E+00  0.000E+00
  0.30000  0.06750  0.14698  0.15000  0.690E-02  0.640E-02  0.283E-02  0.634E-02  0.168E-03  0.536E-04  0.390E-02  0.000E+00  0.000E+00  0.000E+00
  0.30000  0.06735  0.14749  0.15050  0.687E-02  0.633E-02  0.278E-02  0.627E-02  0.171E-03  0.534E-04  0.392E-02  0.000E+00  0.000E+00  0.000E+00
  0.30000  0.06720  0.14799  0.15100  0.685E-02  0.625E-02  0.273E-02  0.620E-02  0.174E-03  0.534E-04  0.394E-02  0.000E+00  0.000E+00  0.000E+00
  0.30000  0.06705  0.14850  0.15150  0.684E-02  0.619E-02  0.268E-02  0.613E-02  0.188E-03  0.621E-04  0.396E-02  0.000E+00  0.000E+00  0.000E+00
  0.30000  0.06690  0.14901  0.15200  0.681E-02  0.612E-02  0.264E-02  0.606E-02  0.191E-03  0.618E-04  0.399E-02  0.000E+00  0.000E+00  0.000E+00
  0.30000  0.06674  0.14951  0.15250  0.679E-02  0.605E-02  0.259E-02  0.599E-02  0.194E-03  0.615E-04  0.401E-02  0.000E+00  0.000E+00  0.000E+00
  0.30000  0.06659  0.15002  0.15300  0.677E-02  0.598E-02  0.254E-02  0.592E-02  0.197E-03  0.614E-04  0.403E-02  0.000E+00  0.000E+00  0.000E+00
  0.30000  0.06644  0.15053  0.15350  0.676E-02  0.591E-02  0.250E-02  0.585E-02  0.200E-03  0.614E-04  0.406E-02  0.000E+00  0.000E+00  0.000E+00
  0.30000  0.06628  0.15104  0.15400  0.675E-02  0.585E-02  0.245E-02  0.578E-02  0.215E-03  0.709E-04  0.408E-02  0.000E+00  0.000E+00  0.000E+00
  0.30000  0.06613  0.15154  0.15450  0.673E-02  0.578E-02  0.241E-02  0.571E-02  0.219E-03  0.706E-04  0.411E-02  0.000E+00  0.000E+00  0.000E+00
  0.30000  0.06597  0.15205  0.15500  0.672E-02  0.572E-02  0.237E-02  0.565E-02  0.222E-03  0.704E-04  0.413E-02  0.000E+00  0.000E+00  0.000E+00
  0.30000  0.06582  0.15256  0.15550  0.671E-02  0.565E-02  0.232E-02  0.558E-02  0.226E-03  0.703E-04  0.416E-02  0.000E+00  0.000E+00  0.000E+00
  0.30000  0.06566  0.15306  0.15600  0.671E-02  0.560E-02  0.228E-02  0.552E-02  0.242E-03  0.811E-04  0.418E-02  0.000E+00  0.000E+00  0.000E+00
  0.30000  0.06551  0.15357  0.15650  0.669E-02  0.553E-02  0.224E-02  0.545E-02  0.246E-03  0.806E-04  0.421E-02  0.000E+00  0.000E+00  0.000E+00
  0.30000  0.06535  0.15408  0.15700  0.668E-02  0.547E-02  0.220E-02  0.539E-02  0.250E-03  0.804E-04  0.424E-02  0.000E+00  0.000E+00  0.000E+00
  0.30000  0.06519  0.15458  0.15750  0.667E-02  0.540E-02  0.216E-02  0.532E-02  0.254E-03  0.802E-04  0.426E-02  0.000E+00  0.000E+00  0.000E+00
  0.30000  0.06504  0.15509  0.15800  0.667E-02  0.534E-02  0.212E-02  0.526E-02  0.258E-03  0.802E-04  0.429E-02  0.000E+00  0.000E+00  0.000E+00
  0.30000  0.06488  0.15560  0.15850  0.667E-02  0.529E-02  0.208E-02  0.520E-02  0.276E-03  0.918E-04  0.432E-02  0.000E+00  0.000E+00  0.000E+00
  0.30000  0.06472  0.15611  0.15900  0.667E-02  0.523E-02  0.204E-02  0.513E-02  0.280E-03  0.914E-04  0.435E-02  0.000E+00  0.000E+00  0.000E+00
  0.30000  0.06456  0.15661  0.15950  0.666E-02  0.516E-02  0.200E-02  0.507E-02  0.285E-03  0.912E-04  0.438E-02  0.000E+00  0.000E+00  0.000E+00
  0.30000  0.06440  0.15712  0.16000  0.666E-02  0.510E-02  0.196E-02  0.501E-02  0.289E-03  0.911E-04  0.441E-02  0.000E+00  0.000E+00  0.000E+00
  0.30000  0.06424  0.15763  0.16050  0.667E-02  0.506E-02  0.192E-02  0.495E-02  0.309E-03  0.104E-03  0.444E-02  0.000E+00  0.000E+00  0.000E+00
  0.30000  0.06408  0.15813  0.16100  0.667E-02  0.500E-02  0.189E-02  0.489E-02  0.313E-03  0.104E-03  0.447E-02  0.000E+00  0.000E+00  0.000E+00
  0.30000  0.06392  0.15864  0.16150  0.667E-02  0.494E-02  0.185E-02  0.483E-02  0.318E-03  0.103E-03  0.450E-02  0.000E+00  0.000E+00  0.000E+00
  0.30000  0.06376  0.15915  0.16200  0.667E-02  0.488E-02  0.182E-02  0.477E-02  0.323E-03  0.103E-03  0.453E-02  0.000E+00  0.000E+00  0.000E+00
  0.30000  0.06359  0.15966  0.16250  0.667E-02  0.482E-02  0.178E-02  0.472E-02  0.328E-03  0.103E-03  0.456E-02  0.000E+00  0.000E+00  0.000E+00
  0.30000  0.06343  0.16016  0.16300  0.669E-02  0.478E-02  0.175E-02  0.466E-02  0.349E-03  0.117E-03  0.459E-02  0.000E+00  0.000E+00  0.000E+00
  0.30000  0.06327  0.16067  0.16350  0.669E-02  0.472E-02  0.171E-02  0.460E-02  0.355E-03  0.117E-03  0.463E-02  0.000E+00  0.000E+00  0.000E+00
  0.30000  0.06310  0.16118  0.16400  0.670E-02  0.466E-02  0.168E-02  0.455E-02  0.360E-03  0.116E-03  0.466E-02  0.000E+00  0.000E+00  0.000E+00
  0.30000  0.06294  0.16168  0.16450  0.670E-02  0.461E-02  0.164E-02  0.449E-02  0.366E-03  0.116E-03  0.469E-02  0.000E+00  0.000E+00  0.000E+00
  0.30000  0.06277  0.16219  0.16500  0.673E-02  0.457E-02  0.161E-02  0.444E-02  0.388E-03  0.132E-03  0.472E-02  0.000E+00  0.000E+00  0.000E+00
  0.30000  0.06261  0.16270  0.16550  0.673E-02  0.451E-02  0.158E-02  0.438E-02  0.394E-03  0.131E-03  0.476E-02  0.000E+00  0.000E+00  0.000E+00
  0.30000  0.06244  0.16321  0.16600  0.674E-02  0.446E-02  0.155E-02  0.433E-02  0.400E-03  0.131E-03  0.479E-02  0.000E+00  0.000E+00  0.000E+00
  0.30000  0.06228  0.16371  0.16650  0.675E-02  0.440E-02  0.152E-02  0.427E-02  0.406E-03  0.131E-03  0.483E-02  0.000E+00  0.000E+00  0.000E+00
  0.30000  0.06211  0.16422  0.16700  0.676E-02  0.435E-02  0.149E-02  0.422E-02  0.412E-03  0.131E-03  0.486E-02  0.000E+00  0.000E+00  0.000E+00
  0.30000  0.06194  0.16473  0.16750  0.679E-02  0.431E-02  0.146E-02  0.417E-02  0.437E-03  0.147E-03  0.490E-02  0.000E+00  0.000E+00  0.000E+00
  0.30000  0.06178  0.16524  0.16800  0.680E-02  0.426E-02  0.143E-02  0.411E-02  0.443E-03  0.147E-03  0.494E-02  0.000E+00  0.000E+00  0.000E+00
  0.30000  0.06161  0.16574  0.16850  0.682E-02  0.421E-02  0.140E-02  0.406E-02  0.450E-03  0.146E-03  0.497E-02  0.000E+00  0.000E+00  0.000E+00
  0.30000  0.06144  0.16625  0.16900  0.683E-02  0.416E-02  0.137E-02  0.401E-02  0.457E-03  0.146E-03  0.501E-02  0.000E+00  0.000E+00  0.000E+00
  0.30000  0.06127  0.16676  0.16950  0.687E-02  0.413E-02  0.134E-02  0.396E-02  0.482E-03  0.164E-03  0.505E-02  0.000E+00  0.000E+00  0.000E+00
  0.30000  0.06110  0.16727  0.17000  0.688E-02  0.407E-02  0.131E-02  0.391E-02  0.490E-03  0.164E-03  0.508E-02  0.000E+00  0.000E+00  0.000E+00
  0.30000  0.06093  0.16777  0.17050  0.690E-02  0.402E-02  0.128E-02  0.386E-02  0.497E-03  0.163E-03  0.512E-02  0.000E+00  0.000E+00  0.000E+00
  0.30000  0.06076  0.16828  0.17100  0.692E-02  0.398E-02  0.126E-02  0.381E-02  0.505E-03  0.163E-03  0.516E-02  0.000E+00  0.000E+00  0.000E+00
  0.30000  0.06059  0.16879  0.17150  0.694E-02  0.393E-02  0.123E-02  0.376E-02  0.512E-03  0.163E-03  0.520E-02  0.000E+00  0.000E+00  0.000E+00
  0.30000  0.06042  0.16930  0.17200  0.698E-02  0.390E-02  0.120E-02  0.372E-02  0.540E-03  0.182E-03  0.524E-02  0.000E+00  0.000E+00  0.000E+00
  0.30000  0.06024  0.16981  0.17250  0.700E-02  0.385E-02  0.118E-02  0.367E-02  0.548E-03  0.182E-03  0.528E-02  0.000E+00  0.000E+00  0.000E+00
  0.30000  0.06007  0.17031  0.17300  0.702E-02  0.380E-02  0.115E-02  0.362E-02  0.556E-03  0.182E-03  0.532E-02  0.000E+00  0.000E+00  0.000E+00
  0.30000  0.05990  0.17082  0.17350  0.705E-02  0.375E-02  0.113E-02  0.357E-02  0.564E-03  0.182E-03  0.536E-02  0.000E+00  0.000E+00  0.000E+00
  0.30000  0.05972  0.17133  0.17400  0.709E-02  0.373E-02  0.110E-02  0.353E-02  0.593E-03  0.202E-03  0.540E-02  0.000E+00  0.000E+00  0.000E+00
  0.30000  0.05955  0.17184  0.17450  0.712E-02  0.368E-02  0.108E-02  0.348E-02  0.602E-03  0.202E-03  0.544E-02  0.000E+00  0.000E+00  0.000E+00
  0.30000  0.05937  0.17234  0.17500  0.714E-02  0.364E-02  0.105E-02  0.344E-02  0.611E-03  0.201E-03  0.548E-02  0.000E+00  0.000E+00  0.000E+00
  0.30000  0.05920  0.17285  0.17550  0.717E-02  0.359E-02  0.103E-02  0.339E-02  0.620E-03  0.201E-03  0.552E-02  0.000E+00  0.000E+00  0.000E+00
  0.30000  0.05902  0.17336  0.17600  0.720E-02  0.355E-02  0.101E-02  0.335E-02  0.629E-03  0.202E-03  0.556E-02  0.000E+00  0.000E+00  0.000E+00
  0.30000  0.05885  0.17387  0.17650  0.725E-02  0.352E-02  0.984E-03  0.330E-02  0.660E-03  0.223E-03  0.560E-02  0.000E+00  0.000E+00  0.000E+00
  0.30000  0.05867  0.17438  0.17700  0.728E-02  0.348E-02  0.962E-03  0.326E-02  0.670E-03  0.222E-03  0.565E-02  0.000E+00  0.000E+00  0.000E+00
  0.30000  0.05849  0.17488  0.17750  0.731E-02  0.344E-02  0.940E-03  0.322E-02  0.680E-03  0.222E-03  0.569E-02  0.000E+00  0.000E+00  0.000E+00
  0.30000  0.05832  0.17539  0.17800  0.734E-02  0.339E-02  0.918E-03  0.317E-02  0.690E-03  0.223E-03  0.573E-02  0.000E+00  0.000E+00  0.000E+00
  0.30000  0.05814  0.17590  0.17850  0.739E-02  0.338E-02  0.897E-03  0.313E-02  0.722E-03  0.246E-03  0.578E-02  0.000E+00  0.000E+00  0.000E+00
  0.30000  0.05796  0.17641  0.17900  0.743E-02  0.333E-02  0.876E-03  0.309E-02  0.733E-03  0.245E-03  0.582E-02  0.000E+00  0.000E+00  0.000E+00
  0.30000  0.05778  0.17692  0.17950  0.746E-02  0.329E-02  0.856E-03  0.305E-02  0.744E-03  0.245E-03  0.586E-02  0.000E+00  0.000E+00  0.000E+00
  0.30000  0.05760  0.17742  0.18000  0.750E-02  0.325E-02  0.836E-03  0.301E-02  0.754E-03  0.245E-03  0.591E-02  0.000E+00  0.000E+00  0.000E+00
  0.30000  0.05742  0.17793  0.18050  0.755E-02  0.323E-02  0.816E-03  0.296E-02  0.788E-03  0.270E-03  0.595E-02  0.000E+00  0.000E+00  0.000E+00
  0.30000  0.05724  0.17844  0.18100  0.759E-02  0.319E-02  0.796E-03  0.292E-02  0.800E-03  0.270E-03  0.600E-02  0.000E+00  0.000E+00  0.000E+00
  0.30000  0.05706  0.17895  0.18150  0.763E-02  0.315E-02  0.777E-03  0.288E-02  0.811E-03  0.269E-03  0.604E-02  0.000E+00  0.000E+00  0.000E+00
  0.30000  0.05688  0.17946  0.18200  0.767E-02  0.311E-02  0.758E-03  0.284E-02  0.823E-03  0.269E-03  0.609E-02  0.000E+00  0.000E+00  0.000E+00
  0.30000  0.05669  0.17996  0.18250  0.771E-02  0.308E-02  0.740E-03  0.281E-02  0.835E-03  0.270E-03  0.613E-02  0.000E+00  0.000E+00  0.000E+00
  0.30000  0.05651  0.18047  0.18300  0.777E-02  0.306E-02  0.722E-03  0.277E-02  0.871E-03  0.295E-03  0.618E-02  0.000E+00  0.000E+00  0.000E+00
  0.30000  0.05633  0.18098  0.18350  0.781E-02  0.302E-02  0.704E-03  0.273E-02  0.883E-03  0.295E-03  0.622E-02  0.000E+00  0.000E+00  0.000E+00
  0.30000  0.05614  0.18149  0.18400  0.785E-02  0.299E-02  0.686E-03  0.269E-02  0.896E-03  0.295E-03  0.627E-02  0.000E+00  0.000E+00  0.000E+00
  0.30000  0.05596  0.18200  0.18450  0.789E-02  0.295E-02  0.669E-03  0.265E-02  0.909E-03  0.296E-03  0.632E-02  0.000E+00  0.000E+00  0.000E+00
  0.30000  0.05577  0.18251  0.18500  0.796E-02  0.294E-02  0.652E-03  0.262E-02  0.946E-03  0.323E-03  0.636E-02  0.000E+00  0.000E+00  0.000E+00
  0.30000  0.05559  0.18301  0.18550  0.800E-02  0.290E-02  0.636E-03  0.258E-02  0.960E-03  0.322E-03  0.641E-02  0.000E+00  0.000E+00  0.000E+00
  0.30000  0.05540  0.18352  0.18600  0.805E-02  0.287E-02  0.619E-03  0.254E-02  0.974E-03  0.322E-03  0.646E-02  0.000E+00  0.000E+00  0.000E+00
  0.30000  0.05522  0.18403  0.18650  0.809E-02  0.283E-02  0.603E-03  0.251E-02  0.988E-03  0.323E-03  0.650E-02  0.000E+00  0.000E+00  0.000E+00
  0.30000  0.05503  0.18454  0.18700  0.814E-02  0.279E-02  0.588E-03  0.247E-02  0.100E-02  0.324E-03  0.655E-02  0.000E+00  0.000E+00  0.000E+00
  0.30000  0.05484  0.18505  0.18750  0.821E-02  0.279E-02  0.572E-03  0.244E-02  0.104E-02  0.352E-03  0.660E-02  0.000E+00  0.000E+00  0.000E+00
  0.30000  0.05466  0.18556  0.18800  0.826E-02  0.275E-02  0.557E-03  0.240E-02  0.106E-02  0.351E-03  0.665E-02  0.000E+00  0.000E+00  0.000E+00
  0.30000  0.05447  0.18606  0.18850  0.831E-02  0.272E-02  0.542E-03  0.237E-02  0.107E-02  0.352E-03  0.669E-02  0.000E+00  0.000E+00  0.000E+00
  0.30000  0.05428  0.18657  0.18900  0.835E-02  0.268E-02  0.528E-03  0.233E-02  0.109E-02  0.352E-03  0.674E-02  0.000E+00  0.000E+00  0.000E+00
  0.30000  0.05409  0.18708  0.18950  0.843E-02  0.268E-02  0.514E-03  0.230E-02  0.113E-02  0.382E-03  0.679E-02  0.000E+00  0.000E+00  0.000E+00
  0.30000  0.05390  0.18759  0.19000  0.848E-02  0.265E-02  0.500E-03  0.226E-02  0.114E-02  0.382E-03  0.684E-02  0.000E+00  0.000E+00  0.000E+00
  0.30000  0.05371  0.18810  0.19050  0.853E-02  0.261E-02  0.486E-03  0.223E-02  0.116E-02  0.382E-03  0.689E-02  0.000E+00  0.000E+00  0.000E+00
  0.30000  0.05352  0.18861  0.19100  0.858E-02  0.258E-02  0.472E-03  0.220E-02  0.118E-02  0.383E-03  0.693E-02  0.000E+00  0.000E+00  0.000E+00
  0.30000  0.05333  0.18911  0.19150  0.863E-02  0.255E-02  0.459E-03  0.217E-02  0.119E-02  0.384E-03  0.698E-02  0.000E+00  0.000E+00  0.000E+00
  0.30000  0.05314  0.18962  0.19200  0.871E-02  0.255E-02  0.446E-03  0.213E-02  0.123E-02  0.414E-03  0.703E-02  0.000E+00  0.000E+00  0.000E+00
  0.30000  0.05294  0.19013  0.19250  0.877E-02  0.252E-02  0.434E-03  0.210E-02  0.125E-02  0.415E-03  0.708E-02  0.000E+00  0.000E+00  0.000E+00
  0.30000  0.05275  0.19064  0.19300  0.882E-02  0.249E-02  0.421E-03  0.207E-02  0.127E-02  0.415E-03  0.713E-02  0.000E+00  0.000E+00  0.000E+00
  0.30000  0.05256  0.19115  0.19350  0.887E-02  0.246E-02  0.409E-03  0.204E-02  0.129E-02  0.416E-03  0.718E-02  0.000E+00  0.000E+00  0.000E+00
  0.30000  0.05236  0.19166  0.19400  0.895E-02  0.246E-02  0.397E-03  0.201E-02  0.133E-02  0.448E-03  0.723E-02  0.000E+00  0.000E+00  0.000E+00
  0.30000  0.05217  0.19217  0.19450  0.901E-02  0.243E-02  0.385E-03  0.198E-02  0.135E-02  0.449E-03  0.728E-02  0.000E+00  0.000E+00  0.000E+00
  0.30000  0.05197  0.19268  0.19500  0.907E-02  0.240E-02  0.374E-03  0.195E-02  0.137E-02  0.449E-03  0.732E-02  0.000E+00  0.000E+00  0.000E+00
  0.30000  0.05178  0.19318  0.19550  0.913E-02  0.237E-02  0.363E-03  0.192E-02  0.139E-02  0.451E-03  0.737E-02  0.000E+00  0.000E+00  0.000E+00
  0.30000  0.05158  0.19369  0.19600  0.921E-02  0.237E-02  0.352E-03  0.189E-02  0.143E-02  0.484E-03  0.742E-02  0.000E+00  0.000E+00  0.000E+00
  0.30000  0.05139  0.19420  0.19650  0.927E-02  0.234E-02  0.341E-03  0.186E-02  0.145E-02  0.484E-03  0.747E-02  0.000E+00  0.000E+00  0.000E+00
  0.30000  0.05119  0.19471  0.19700  0.933E-02  0.232E-02  0.331E-03  0.183E-02  0.147E-02  0.485E-03  0.752E-02  0.000E+00  0.000E+00  0.000E+00
  0.30000  0.05099  0.19522  0.19750  0.939E-02  0.229E-02  0.320E-03  0.180E-02  0.149E-02  0.486E-03  0.757E-02  0.000E+00  0.000E+00  0.000E+00
  0.30000  0.05080  0.19573  0.19800  0.945E-02  0.226E-02  0.310E-03  0.177E-02  0.152E-02  0.488E-03  0.762E-02  0.000E+00  0.000E+00  0.000E+00
  0.30000  0.05060  0.19624  0.19850  0.953E-02  0.227E-02  0.301E-03  0.175E-02  0.156E-02  0.522E-03  0.767E-02  0.000E+00  0.000E+00  0.000E+00
  0.30000  0.05040  0.19675  0.19900  0.959E-02  0.224E-02  0.291E-03  0.172E-02  0.158E-02  0.523E-03  0.772E-02  0.000E+00  0.000E+00  0.000E+00
  0.30000  0.05020  0.19725  0.19950  0.966E-02  0.221E-02  0.282E-03  0.169E-02  0.161E-02  0.524E-03  0.777E-02  0.000E+00  0.000E+00  0.000E+00
  0.30000  0.05000  0.19776  0.20000  0.972E-02  0.219E-02  0.272E-03  0.166E-02  0.163E-02  0.526E-03  0.782E-02  0.000E+00  0.000E+00  0.000E+00
  0.30000  0.04980  0.19827  0.20050  0.981E-02  0.220E-02  0.263E-03  0.164E-02  0.168E-02  0.561E-03  0.787E-02  0.000E+00  0.000E+00  0.000E+00
  0.30000  0.04960  0.19878  0.20100  0.987E-02  0.217E-02  0.255E-03  0.161E-02  0.170E-02  0.562E-03  0.792E-02  0.000E+00  0.000E+00  0.000E+00
  0.30000  0.04940  0.19929  0.20150  0.993E-02  0.215E-02  0.246E-03  0.158E-02  0.172E-02  0.563E-03  0.797E-02  0.000E+00  0.000E+00  0.000E+00
  0.30000  0.04920  0.19980  0.20200  0.100E-01  0.212E-02  0.238E-03  0.156E-02  0.175E-02  0.565E-03  0.801E-02  0.000E+00  0.000E+00  0.000E+00
  0.30000  0.04899  0.20031  0.20250  0.101E-01  0.213E-02  0.229E-03  0.153E-02  0.180E-02  0.602E-03  0.806E-02  0.000E+00  0.000E+00  0.000E+00
  0.30000  0.04879  0.20082  0.20300  0.102E-01  0.211E-02  0.221E-03  0.151E-02  0.182E-02  0.603E-03  0.811E-02  0.000E+00  0.000E+00  0.000E+00
  0.30000  0.04859  0.20133  0.20350  0.102E-01  0.209E-02  0.214E-03  0.148E-02  0.185E-02  0.604E-03  0.816E-02  0.000E+00  0.000E+00  0.000E+00
  0.30000  0.04838  0.20184  0.20400  0.103E-01  0.206E-02  0.206E-03  0.146E-02  0.187E-02  0.606E-03  0.821E-02  0.000E+00  0.000E+00  0.000E+00
  0.30000  0.04818  0.20234  0.20450  0.104E-01  0.204E-02  0.198E-03  0.143E-02  0.190E-02  0.609E-03  0.826E-02  0.000E+00  0.000E+00  0.000E+00
  0.30000  0.04797  0.20285  0.20500  0.104E-01  0.205E-02  0.191E-03  0.141E-02  0.195E-02  0.646E-03  0.831E-02  0.000E+00  0.000E+00  0.000E+00
  0.30000  0.04777  0.20336  0.20550  0.105E-01  0.203E-02  0.184E-03  0.138E-02  0.198E-02  0.648E-03  0.836E-02  0.000E+00  0.000E+00  0.000E+00
  0.30000  0.04756  0.20387  0.20600  0.106E-01  0.201E-02  0.177E-03  0.136E-02  0.200E-02  0.650E-03  0.840E-02  0.000E+00  0.000E+00  0.000E+00
  0.30000  0.04736  0.20438  0.20650  0.107E-01  0.199E-02  0.170E-03  0.134E-02  0.203E-02  0.652E-03  0.845E-02  0.000E+00  0.000E+00  0.000E+00
  0.30000  0.04715  0.20489  0.20700  0.107E-01  0.200E-02  0.164E-03  0.131E-02  0.208E-02  0.691E-03  0.850E-02  0.000E+00  0.000E+00  0.000E+00
  0.30000  0.04694  0.20540  0.20750  0.108E-01  0.198E-02  0.158E-03  0.129E-02  0.211E-02  0.692E-03  0.855E-02  0.000E+00  0.000E+00  0.000E+00
  0.30000  0.04674  0.20591  0.20800  0.109E-01  0.196E-02  0.151E-03  0.127E-02  0.214E-02  0.695E-03  0.860E-02  0.000E+00  0.000E+00  0.000E+00
  0.30000  0.04653  0.20642  0.20850  0.110E-01  0.194E-02  0.145E-03  0.124E-02  0.217E-02  0.697E-03  0.864E-02  0.000E+00  0.000E+00  0.000E+00
  0.30000  0.04632  0.20693  0.20900  0.110E-01  0.192E-02  0.139E-03  0.122E-02  0.220E-02  0.701E-03  0.869E-02  0.000E+00  0.000E+00  0.000E+00
  0.30000  0.04611  0.20744  0.20950  0.111E-01  0.194E-02  0.134E-03  0.120E-02  0.225E-02  0.739E-03  0.874E-02  0.000E+00  0.000E+00  0.000E+00
  0.30000  0.04590  0.20795  0.21000  0.112E-01  0.192E-02  0.128E-03  0.118E-02  0.228E-02  0.742E-03  0.879E-02  0.000E+00  0.000E+00  0.000E+00
  0.30000  0.04569  0.20846  0.21050  0.113E-01  0.190E-02  0.123E-03  0.116E-02  0.232E-02  0.745E-03  0.883E-02  0.000E+00  0.000E+00  0.000E+00
  0.30000  0.04548  0.20897  0.21100  0.113E-01  0.188E-02  0.117E-03  0.114E-02  0.235E-02  0.748E-03  0.888E-02  0.000E+00  0.000E+00  0.000E+00
  0.30000  0.04527  0.20948  0.21150  0.114E-01  0.190E-02  0.112E-03  0.111E-02  0.240E-02  0.788E-03  0.893E-02  0.000E+00  0.000E+00  0.000E+00
  0.30000  0.04506  0.20998  0.21200  0.115E-01  0.188E-02  0.107E-03  0.109E-02  0.243E-02  0.791E-03  0.897E-02  0.000E+00  0.000E+00  0.000E+00
  0.30000  0.04484  0.21049  0.21250  0.116E-01  0.187E-02  0.102E-03  0.107E-02  0.247E-02  0.794E-03  0.902E-02  0.000E+00  0.000E+00  0.000E+00
  0.30000  0.04463  0.21100  0.21300  0.117E-01  0.185E-02  0.975E-04  0.105E-02  0.250E-02  0.798E-03  0.906E-02  0.000E+00  0.000E+00  0.000E+00
  0.30000  0.04442  0.21151  0.21350  0.118E-01  0.187E-02  0.929E-04  0.103E-02  0.256E-02  0.839E-03  0.911E-02  0.000E+00  0.000E+00  0.000E+00
  0.30000  0.04420  0.21202  0.21400  0.118E-01  0.186E-02  0.884E-04  0.101E-02  0.259E-02  0.842E-03  0.916E-02  0.000E+00  0.000E+00  0.000E+00
  0.30000  0.04399  0.21253  0.21450  0.119E-01  0.184E-02  0.841E-04  0.994E-03  0.263E-02  0.845E-03  0.920E-02  0.000E+00  0.000E+00  0.000E+00
  0.30000  0.04377  0.21304  0.21500  0.120E-01  0.182E-02  0.799E-04  0.975E-03  0.266E-02  0.849E-03  0.925E-02  0.000E+00  0.000E+00  0.000E+00
  0.30000  0.04356  0.21355  0.21550  0.121E-01  0.185E-02  0.759E-04  0.956E-03  0.272E-02  0.892E-03  0.929E-02  0.000E+00  0.000E+00  0.000E+00
  0.30000  0.04334  0.21406  0.21600  0.122E-01  0.183E-02  0.719E-04  0.937E-03  0.276E-02  0.895E-03  0.933E-02  0.000E+00  0.000E+00  0.000E+00
  0.30000  0.04313  0.21457  0.21650  0.122E-01  0.182E-02  0.681E-04  0.918E-03  0.279E-02  0.898E-03  0.938E-02  0.000E+00  0.000E+00  0.000E+00
  0.30000  0.04291  0.21508  0.21700  0.123E-01  0.180E-02  0.644E-04  0.900E-03  0.283E-02  0.903E-03  0.942E-02  0.000E+00  0.000E+00  0.000E+00
  0.30000  0.04269  0.21559  0.21750  0.124E-01  0.179E-02  0.609E-04  0.882E-03  0.287E-02  0.908E-03  0.947E-02  0.000E+00  0.000E+00  0.000E+00
  0.30000  0.04248  0.21610  0.21800  0.125E-01  0.181E-02  0.574E-04  0.864E-03  0.293E-02  0.950E-03  0.951E-02  0.000E+00  0.000E+00  0.000E+00
  0.30000  0.04226  0.21661  0.21850  0.126E-01  0.180E-02  0.541E-04  0.846E-03  0.297E-02  0.954E-03  0.955E-02  0.000E+00  0.000E+00  0.000E+00
  0.30000  0.04204  0.21712  0.21900  0.127E-01  0.179E-02  0.508E-04  0.828E-03  0.301E-02  0.959E-03  0.960E-02  0.000E+00  0.000E+00  0.000E+00
  0.30000  0.04182  0.21763  0.21950  0.127E-01  0.177E-02  0.477E-04  0.811E-03  0.305E-02  0.964E-03  0.964E-02  0.000E+00  0.000E+00  0.000E+00
  0.30000  0.04160  0.21814  0.22000  0.128E-01  0.180E-02  0.447E-04  0.794E-03  0.311E-02  0.101E-02  0.968E-02  0.000E+00  0.000E+00  0.000E+00
  0.30000  0.04138  0.21865  0.22050  0.129E-01  0.179E-02  0.418E-04  0.777E-03  0.315E-02  0.101E-02  0.972E-02  0.000E+00  0.000E+00  0.000E+00
  0.30000  0.04116  0.21916  0.22100  0.130E-01  0.178E-02  0.390E-04  0.760E-03  0.319E-02  0.102E-02  0.976E-02  0.000E+00  0.000E+00  0.000E+00
  0.30000  0.04094  0.21967  0.22150  0.131E-01  0.177E-02  0.363E-04  0.744E-03  0.323E-02  0.102E-02  0.980E-02  0.000E+00  0.000E+00  0.000E+00
  0.30000  0.04072  0.22018  0.22200  0.132E-01  0.179E-02  0.337E-04  0.728E-03  0.329E-02  0.107E-02  0.984E-02  0.000E+00  0.000E+00  0.000E+00
  0.30000  0.04049  0.22069  0.22250  0.133E-01  0.178E-02  0.312E-04  0.712E-03  0.334E-02  0.107E-02  0.989E-02  0.000E+00  0.000E+00  0.000E+00
  0.30000  0.04027  0.22120  0.22300  0.133E-01  0.177E-02  0.288E-04  0.696E-03  0.338E-02  0.108E-02  0.993E-02  0.000E+00  0.000E+00  0.000E+00
  0.30000  0.04005  0.22171  0.22350  0.134E-01  0.176E-02  0.265E-04  0.680E-03  0.342E-02  0.108E-02  0.996E-02  0.000E+00  0.000E+00  0.000E+00
  0.30000  0.03982  0.22222  0.22400  0.135E-01  0.175E-02  0.243E-04  0.665E-03  0.347E-02  0.109E-02  0.100E-01  0.000E+00  0.000E+00  0.000E+00
  0.30000  0.03960  0.22273  0.22450  0.136E-01  0.178E-02  0.222E-04  0.649E-03  0.353E-02  0.113E-02  0.100E-01  0.000E+00  0.000E+00  0.000E+00
  0.30000  0.03937  0.22324  0.22500  0.137E-01  0.177E-02  0.202E-04  0.634E-03  0.358E-02  0.114E-02  0.101E-01  0.000E+00  0.000E+00  0.000E+00
  0.30000  0.03915  0.22375  0.22550  0.138E-01  0.177E-02  0.182E-04  0.620E-03  0.362E-02  0.115E-02  0.101E-01  0.000E+00  0.000E+00  0.000E+00
  0.30000  0.03892  0.22426  0.22600  0.138E-01  0.176E-02  0.163E-04  0.605E-03  0.367E-02  0.115E-02  0.102E-01  0.000E+00  0.000E+00  0.000E+00
  0.30000  0.03870  0.22477  0.22650  0.139E-01  0.179E-02  0.146E-04  0.590E-03  0.374E-02  0.120E-02  0.102E-01  0.000E+00  0.000E+00  0.000E+00
  0.30000  0.03847  0.22528  0.22700  0.140E-01  0.178E-02  0.129E-04  0.576E-03  0.378E-02  0.120E-02  0.102E-01  0.000E+00  0.000E+00  0.000E+00
  0.30000  0.03824  0.22579  0.22750  0.141E-01  0.177E-02  0.112E-04  0.562E-03  0.383E-02  0.121E-02  0.103E-01  0.000E+00  0.000E+00  0.000E+00
  0.30000  0.03802  0.22630  0.22800  0.142E-01  0.177E-02  0.969E-05  0.548E-03  0.388E-02  0.122E-02  0.103E-01  0.000E+00  0.000E+00  0.000E+00
  0.30000  0.03779  0.22681  0.22850  0.143E-01  0.180E-02  0.822E-05  0.535E-03  0.395E-02  0.127E-02  0.103E-01  0.000E+00  0.000E+00  0.000E+00
  0.30000  0.03756  0.22732  0.22900  0.144E-01  0.179E-02  0.682E-05  0.521E-03  0.400E-02  0.127E-02  0.104E-01  0.000E+00  0.000E+00  0.000E+00
  0.30000  0.03733  0.22783  0.22950  0.145E-01  0.179E-02  0.550E-05  0.508E-03  0.405E-02  0.128E-02  0.104E-01  0.000E+00  0.000E+00  0.000E+00
  0.30000  0.03710  0.22834  0.23000  0.146E-01  0.178E-02  0.424E-05  0.495E-03  0.410E-02  0.129E-02  0.104E-01  0.000E+00  0.000E+00  0.000E+00
  0.30000  0.03687  0.22885  0.23050  0.147E-01  0.182E-02  0.305E-05  0.482E-03  0.417E-02  0.134E-02  0.105E-01  0.000E+00  0.000E+00  0.000E+00
  0.30000  0.03664  0.22936  0.23100  0.147E-01  0.181E-02  0.193E-05  0.469E-03  0.422E-02  0.134E-02  0.105E-01  0.000E+00  0.000E+00  0.000E+00
  0.30000  0.03641  0.22987  0.23150  0.148E-01  0.181E-02  0.875E-06  0.456E-03  0.428E-02  0.135E-02  0.105E-01  0.000E+00  0.000E+00  0.000E+00
  0.30000  0.03618  0.23038  0.23200  0.149E-01  0.181E-02  0.000E+00  0.444E-03  0.433E-02  0.136E-02  0.106E-01  0.000E+00  0.000E+00  0.000E+00
  0.30000  0.03594  0.23089  0.23250  0.150E-01  0.180E-02  0.000E+00  0.431E-03  0.438E-02  0.137E-02  0.106E-01  0.000E+00  0.000E+00  0.000E+00
  0.30000  0.03571  0.23140  0.23300  0.151E-01  0.183E-02  0.000E+00  0.417E-03  0.445E-02  0.142E-02  0.106E-01  0.000E+00  0.000E+00  0.000E+00
  0.30000  0.03548  0.23191  0.23350  0.152E-01  0.183E-02  0.000E+00  0.405E-03  0.451E-02  0.143E-02  0.107E-01  0.000E+00  0.000E+00  0.000E+00
  0.30000  0.03524  0.23242  0.23400  0.153E-01  0.183E-02  0.000E+00  0.392E-03  0.457E-02  0.144E-02  0.107E-01  0.000E+00  0.000E+00  0.000E+00
  0.30000  0.03501  0.23293  0.23450  0.154E-01  0.183E-02  0.000E+00  0.379E-03  0.462E-02  0.145E-02  0.107E-01  0.000E+00  0.000E+00  0.000E+00
  0.30000  0.03477  0.23344  0.23500  0.155E-01  0.186E-02  0.000E+00  0.367E-03  0.469E-02  0.149E-02  0.108E-01  0.000E+00  0.000E+00  0.000E+00
  0.30000  0.03454  0.23396  0.23550  0.155E-01  0.186E-02  0.000E+00  0.355E-03  0.475E-02  0.150E-02  0.108E-01  0.000E+00  0.000E+00  0.000E+00
  0.30000  0.03430  0.23447  0.23600  0.156E-01  0.186E-02  0.000E+00  0.344E-03  0.481E-02  0.152E-02  0.108E-01  0.000E+00  0.000E+00  0.000E+00
  0.30000  0.03407  0.23498  0.23650  0.157E-01  0.186E-02  0.000E+00  0.332E-03  0.487E-02  0.153E-02  0.109E-01  0.000E+00  0.000E+00  0.000E+00
  0.30000  0.03383  0.23549  0.23700  0.158E-01  0.190E-02  0.000E+00  0.321E-03  0.494E-02  0.158E-02  0.109E-01  0.000E+00  0.000E+00  0.000E+00
  0.30000  0.03359  0.23600  0.23750  0.159E-01  0.190E-02  0.000E+00  0.310E-03  0.500E-02  0.159E-02  0.109E-01  0.000E+00  0.000E+00  0.000E+00
  0.30000  0.03336  0.23651  0.23800  0.160E-01  0.190E-02  0.000E+00  0.299E-03  0.506E-02  0.160E-02  0.109E-01  0.000E+00  0.000E+00  0.000E+00
  0.30000  0.03312  0.23702  0.23850  0.161E-01  0.190E-02  0.000E+00  0.288E-03  0.513E-02  0.161E-02  0.110E-01  0.000E+00  0.000E+00  0.000E+00
  0.30000  0.03288  0.23753  0.23900  0.162E-01  0.194E-02  0.000E+00  0.278E-03  0.520E-02  0.166E-02  0.110E-01  0.000E+00  0.000E+00  0.000E+00
  0.30000  0.03264  0.23804  0.23950  0.163E-01  0.194E-02  0.000E+00  0.268E-03  0.526E-02  0.167E-02  0.110E-01  0.000E+00  0.000E+00  0.000E+00
  0.30000  0.03240  0.23855  0.24000  0.164E-01  0.194E-02  0.000E+00  0.258E-03  0.533E-02  0.168E-02  0.110E-01  0.000E+00  0.000E+00  0.000E+00
  0.30000  0.03216  0.23906  0.24050  0.165E-01  0.195E-02  0.000E+00  0.248E-03  0.539E-02  0.170E-02  0.111E-01  0.000E+00  0.000E+00  0.000E+00
  0.30000  0.03192  0.23957  0.24100  0.165E-01  0.195E-02  0.000E+00  0.238E-03  0.546E-02  0.171E-02  0.111E-01  0.000E+00  0.000E+00  0.000E+00
  0.30000  0.03168  0.24008  0.24150  0.166E-01  0.199E-02  0.000E+00  0.229E-03  0.553E-02  0.176E-02  0.111E-01  0.000E+00  0.000E+00  0.000E+00
  0.30000  0.03144  0.24059  0.24200  0.167E-01  0.200E-02  0.000E+00  0.220E-03  0.560E-02  0.178E-02  0.111E-01  0.000E+00  0.000E+00  0.000E+00
  0.30000  0.03119  0.24110  0.24250  0.168E-01  0.200E-02  0.000E+00  0.211E-03  0.567E-02  0.179E-02  0.112E-01  0.000E+00  0.000E+00  0.000E+00
  0.30000  0.03095  0.24162  0.24300  0.169E-01  0.201E-02  0.000E+00  0.202E-03  0.573E-02  0.181E-02  0.112E-01  0.000E+00  0.000E+00  0.000E+00
  0.30000  0.03071  0.24213  0.24350  0.170E-01  0.205E-02  0.000E+00  0.194E-03  0.581E-02  0.186E-02  0.112E-01  0.000E+00  0.000E+00  0.000E+00
  0.30000  0.03046  0.24264  0.24400  0.171E-01  0.206E-02  0.000E+00  0.185E-03  0.588E-02  0.187E-02  0.112E-01  0.000E+00  0.000E+00  0.000E+00
  0.30000  0.03022  0.24315  0.24450  0.172E-01  0.207E-02  0.000E+00  0.177E-03  0.595E-02  0.189E-02  0.113E-01  0.000E+00  0.000E+00  0.000E+00
  0.30000  0.02997  0.24366  0.24500  0.173E-01  0.208E-02  0.000E+00  0.169E-03  0.602E-02  0.191E-02  0.113E-01  0.000E+00  0.000E+00  0.000E+00
  0.30000  0.02973  0.24417  0.24550  0.174E-01  0.212E-02  0.000E+00  0.162E-03  0.610E-02  0.196E-02  0.113E-01  0.000E+00  0.000E+00  0.000E+00
  0.30000  0.02948  0.24468  0.24600  0.175E-01  0.213E-02  0.000E+00  0.154E-03  0.617E-02  0.197E-02  0.113E-01  0.000E+00  0.000E+00  0.000E+00
  0.30000  0.02924  0.24519  0.24650  0.176E-01  0.214E-02  0.000E+00  0.147E-03  0.624E-02  0.199E-02  0.113E-01  0.000E+00  0.000E+00  0.000E+00
  0.30000  0.02899  0.24570  0.24700  0.177E-01  0.215E-02  0.000E+00  0.139E-03  0.632E-02  0.201E-02  0.113E-01  0.000E+00  0.000E+00  0.000E+00
  0.30000  0.02874  0.24621  0.24750  0.178E-01  0.219E-02  0.000E+00  0.133E-03  0.640E-02  0.206E-02  0.114E-01  0.000E+00  0.000E+00  0.000E+00
  0.30000  0.02850  0.24673  0.24800  0.179E-01  0.221E-02  0.000E+00  0.126E-03  0.647E-02  0.208E-02  0.114E-01  0.000E+00  0.000E+00  0.000E+00
  0.30000  0.02825  0.24724  0.24850  0.179E-01  0.222E-02  0.000E+00  0.119E-03  0.655E-02  0.210E-02  0.114E-01  0.000E+00  0.000E+00  0.000E+00
  0.30000  0.02800  0.24775  0.24900  0.180E-01  0.223E-02  0.000E+00  0.113E-03  0.662E-02  0.212E-02  0.114E-01  0.000E+00  0.000E+00  0.000E+00
  0.30000  0.02775  0.24826  0.24950  0.181E-01  0.228E-02  0.000E+00  0.107E-03  0.670E-02  0.217E-02  0.114E-01  0.000E+00  0.000E+00  0.000E+00
  0.30000  0.02750  0.24877  0.25000  0.182E-01  0.230E-02  0.000E+00  0.101E-03  0.678E-02  0.220E-02  0.115E-01  0.000E+00  0.000E+00  0.000E+00
  0.30000  0.02725  0.24928  0.25050  0.183E-01  0.231E-02  0.000E+00  0.947E-04  0.686E-02  0.222E-02  0.115E-01  0.000E+00  0.000E+00  0.000E+00
  0.30000  0.02700  0.24979  0.25100  0.184E-01  0.233E-02  0.000E+00  0.890E-04  0.693E-02  0.224E-02  0.115E-01  0.000E+00  0.000E+00  0.000E+00
  0.30000  0.02675  0.25030  0.25150  0.185E-01  0.235E-02  0.000E+00  0.835E-04  0.701E-02  0.226E-02  0.115E-01  0.000E+00  0.000E+00  0.000E+00
  0.30000  0.02650  0.25081  0.25200  0.186E-01  0.240E-02  0.000E+00  0.782E-04  0.710E-02  0.232E-02  0.115E-01  0.000E+00  0.000E+00  0.000E+00
  0.30000  0.02624  0.25133  0.25250  0.187E-01  0.242E-02  0.000E+00  0.731E-04  0.718E-02  0.234E-02  0.115E-01  0.000E+00  0.000E+00  0.000E+00
  0.30000  0.02599  0.25184  0.25300  0.188E-01  0.244E-02  0.000E+00  0.681E-04  0.725E-02  0.237E-02  0.115E-01  0.000E+00  0.000E+00  0.000E+00
  0.30000  0.02574  0.25235  0.25350  0.189E-01  0.246E-02  0.000E+00  0.634E-04  0.734E-02  0.239E-02  0.115E-01  0.000E+00  0.000E+00  0.000E+00
  0.30000  0.02548  0.25286  0.25400  0.190E-01  0.251E-02  0.000E+00  0.588E-04  0.742E-02  0.245E-02  0.116E-01  0.000E+00  0.000E+00  0.000E+00
  0.30000  0.02523  0.25337  0.25450  0.191E-01  0.253E-02  0.000E+00  0.544E-04  0.750E-02  0.248E-02  0.116E-01  0.000E+00  0.000E+00  0.000E+00
  0.30000  0.02497  0.25388  0.25500  0.192E-01  0.255E-02  0.000E+00  0.501E-04  0.759E-02  0.250E-02  0.116E-01  0.000E+00  0.000E+00  0.000E+00
  0.30000  0.02472  0.25439  0.25550  0.193E-01  0.258E-02  0.000E+00  0.461E-04  0.767E-02  0.253E-02  0.116E-01  0.000E+00  0.000E+00  0.000E+00
  0.30000  0.02446  0.25491  0.25600  0.194E-01  0.263E-02  0.000E+00  0.422E-04  0.776E-02  0.259E-02  0.116E-01  0.000E+00  0.000E+00  0.000E+00
  0.30000  0.02421  0.25542  0.25650  0.195E-01  0.266E-02  0.000E+00  0.384E-04  0.784E-02  0.262E-02  0.116E-01  0.000E+00  0.000E+00  0.000E+00
  0.30000  0.02395  0.25593  0.25700  0.195E-01  0.269E-02  0.000E+00  0.349E-04  0.792E-02  0.265E-02  0.116E-01  0.000E+00  0.000E+00  0.000E+00
  0.30000  0.02369  0.25644  0.25750  0.196E-01  0.272E-02  0.000E+00  0.315E-04  0.801E-02  0.268E-02  0.116E-01  0.000E+00  0.000E+00  0.000E+00
  0.30000  0.02344  0.25695  0.25800  0.197E-01  0.277E-02  0.000E+00  0.283E-04  0.810E-02  0.275E-02  0.116E-01  0.000E+00  0.000E+00  0.000E+00
  0.30000  0.02318  0.25746  0.25850  0.198E-01  0.280E-02  0.000E+00  0.253E-04  0.818E-02  0.278E-02  0.116E-01  0.000E+00  0.000E+00  0.000E+00
  0.30000  0.02292  0.25797  0.25900  0.199E-01  0.284E-02  0.000E+00  0.224E-04  0.827E-02  0.281E-02  0.117E-01  0.000E+00  0.000E+00  0.000E+00
  0.30000  0.02266  0.25849  0.25950  0.200E-01  0.287E-02  0.000E+00  0.197E-04  0.836E-02  0.285E-02  0.117E-01  0.000E+00  0.000E+00  0.000E+00
  0.30000  0.02240  0.25900  0.26000  0.201E-01  0.293E-02  0.000E+00  0.172E-04  0.845E-02  0.291E-02  0.117E-01  0.000E+00  0.000E+00  0.000E+00
  0.30000  0.02214  0.25951  0.26050  0.202E-01  0.297E-02  0.000E+00  0.148E-04  0.854E-02  0.295E-02  0.117E-01  0.000E+00  0.000E+00  0.000E+00
  0.30000  0.02188  0.26002  0.26100  0.203E-01  0.300E-02  0.000E+00  0.127E-04  0.863E-02  0.299E-02  0.117E-01  0.000E+00  0.000E+00  0.000E+00
  0.30000  0.02162  0.26053  0.26150  0.204E-01  0.304E-02  0.000E+00  0.106E-04  0.871E-02  0.303E-02  0.117E-01  0.000E+00  0.000E+00  0.000E+00
  0.30000  0.02136  0.26104  0.26200  0.205E-01  0.311E-02  0.000E+00  0.880E-05  0.881E-02  0.310E-02  0.117E-01  0.000E+00  0.000E+00  0.000E+00
  0.30000  0.02109  0.26156  0.26250  0.206E-01  0.315E-02  0.000E+00  0.714E-05  0.890E-02  0.314E-02  0.117E-01  0.000E+00  0.000E+00  0.000E+00
  0.30000  0.02083  0.26207  0.26300  0.207E-01  0.319E-02  0.000E+00  0.564E-05  0.899E-02  0.319E-02  0.117E-01  0.000E+00  0.000E+00  0.000E+00
  0.30000  0.02057  0.26258  0.26350  0.208E-01  0.324E-02  0.000E+00  0.432E-05  0.908E-02  0.323E-02  0.117E-01  0.000E+00  0.000E+00  0.000E+00
  0.30000  0.02030  0.26309  0.26400  0.209E-01  0.331E-02  0.000E+00  0.317E-05  0.917E-02  0.331E-02  0.117E-01  0.000E+00  0.000E+00  0.000E+00
  0.30000  0.02004  0.26360  0.26450  0.210E-01  0.336E-02  0.000E+00  0.220E-05  0.926E-02  0.336E-02  0.117E-01  0.000E+00  0.000E+00  0.000E+00
  0.30000  0.01977  0.26412  0.26500  0.211E-01  0.341E-02  0.000E+00  0.140E-05  0.936E-02  0.341E-02  0.117E-01  0.000E+00  0.000E+00  0.000E+00
  0.30000  0.01951  0.26463  0.26550  0.212E-01  0.346E-02  0.000E+00  0.779E-06  0.945E-02  0.346E-02  0.117E-01  0.000E+00  0.000E+00  0.000E+00
  0.30000  0.01924  0.26514  0.26600  0.213E-01  0.351E-02  0.000E+00  0.338E-06  0.954E-02  0.351E-02  0.117E-01  0.000E+00  0.000E+00  0.000E+00
  0.30000  0.01898  0.26565  0.26650  0.214E-01  0.360E-02  0.000E+00  0.779E-07  0.964E-02  0.360E-02  0.117E-01  0.000E+00  0.000E+00  0.000E+00
  0.30000  0.01871  0.26616  0.26700  0.215E-01  0.365E-02 -0.000E+00  0.000E+00  0.973E-02  0.365E-02  0.117E-01  0.000E+00  0.000E+00  0.000E+00
  0.30000  0.01844  0.26668  0.26750  0.216E-01  0.371E-02 -0.000E+00  0.000E+00  0.982E-02  0.371E-02  0.117E-01  0.000E+00  0.000E+00  0.000E+00
  0.30000  0.01818  0.26719  0.26800  0.216E-01  0.378E-02 -0.000E+00  0.000E+00  0.992E-02  0.378E-02  0.117E-01  0.000E+00  0.000E+00  0.000E+00
  0.30000  0.01791  0.26770  0.26850  0.217E-01  0.387E-02 -0.000E+00  0.000E+00  0.100E-01  0.387E-02  0.117E-01  0.000E+00  0.000E+00  0.000E+00
  0.30000  0.01764  0.26821  0.26900  0.218E-01  0.394E-02 -0.000E+00  0.000E+00  0.101E-01  0.394E-02  0.117E-01  0.000E+00  0.000E+00  0.000E+00
  0.30000  0.01737  0.26872  0.26950  0.219E-01  0.401E-02 -0.000E+00  0.000E+00  0.102E-01  0.401E-02  0.117E-01  0.000E+00  0.000E+00  0.000E+00
  0.30000  0.01710  0.26924  0.27000  0.220E-01  0.408E-02 -0.000E+00  0.000E+00  0.103E-01  0.408E-02  0.117E-01  0.000E+00  0.000E+00  0.000E+00
  0.30000  0.01683  0.26975  0.27050  0.221E-01  0.418E-02 -0.000E+00  0.000E+00  0.104E-01  0.418E-02  0.117E-01  0.000E+00  0.000E+00  0.000E+00
  0.30000  0.01656  0.27026  0.27100  0.222E-01  0.426E-02 -0.000E+00  0.000E+00  0.105E-01  0.426E-02  0.117E-01  0.000E+00  0.000E+00  0.000E+00
  0.30000  0.01629  0.27077  0.27150  0.223E-01  0.434E-02 -0.000E+00  0.000E+00  0.106E-01  0.434E-02  0.117E-01  0.000E+00  0.000E+00  0.000E+00
  0.30000  0.01602  0.27128  0.27200  0.224E-01  0.443E-02 -0.000E+00  0.000E+00  0.107E-01  0.443E-02  0.117E-01  0.000E+00  0.000E+00  0.000E+00
  0.30000  0.01574  0.27180  0.27250  0.225E-01  0.455E-02 -0.000E+00  0.000E+00  0.108E-01  0.455E-02  0.117E-01  0.000E+00  0.000E+00  0.000E+00
  0.30000  0.01547  0.27231  0.27300  0.226E-01  0.464E-02 -0.000E+00  0.000E+00  0.109E-01  0.464E-02  0.117E-01  0.000E+00  0.000E+00  0.000E+00
  0.30000  0.01520  0.27282  0.27350  0.227E-01  0.474E-02 -0.000E+00  0.000E+00  0.110E-01  0.474E-02  0.117E-01  0.000E+00  0.000E+00  0.000E+00
  0.30000  0.01492  0.27333  0.27400  0.228E-01  0.485E-02 -0.000E+00  0.000E+00  0.111E-01  0.485E-02  0.117E-01  0.000E+00  0.000E+00  0.000E+00
  0.30000  0.01465  0.27384  0.27450  0.229E-01  0.499E-02 -0.000E+00  0.000E+00  0.112E-01  0.499E-02  0.117E-01  0.000E+00  0.000E+00  0.000E+00
  0.30000  0.01437  0.27436  0.27500  0.230E-01  0.510E-02 -0.000E+00  0.000E+00  0.113E-01  0.510E-02  0.117E-01  0.000E+00  0.000E+00  0.000E+00
  0.30000  0.01410  0.27487  0.27550  0.231E-01  0.522E-02 -0.000E+00  0.000E+00  0.114E-01  0.522E-02  0.117E-01  0.000E+00  0.000E+00  0.000E+00
  0.30000  0.01382  0.27538  0.27600  0.232E-01  0.535E-02 -0.000E+00  0.000E+00  0.115E-01  0.535E-02  0.117E-01  0.000E+00  0.000E+00  0.000E+00
  0.30000  0.01355  0.27589  0.27650  0.233E-01  0.552E-02 -0.000E+00  0.000E+00  0.116E-01  0.552E-02  0.117E-01  0.000E+00  0.000E+00  0.000E+00
  0.30000  0.01327  0.27641  0.27700  0.234E-01  0.566E-02 -0.000E+00  0.000E+00  0.117E-01  0.566E-02  0.117E-01  0.000E+00  0.000E+00  0.000E+00
  0.30000  0.01299  0.27692  0.27750  0.235E-01  0.581E-02 -0.000E+00  0.000E+00  0.118E-01  0.581E-02  0.117E-01  0.000E+00  0.000E+00  0.000E+00
  0.30000  0.01272  0.27743  0.27800  0.236E-01  0.597E-02 -0.000E+00  0.000E+00  0.119E-01  0.597E-02  0.117E-01  0.000E+00  0.000E+00  0.000E+00
  0.30000  0.01244  0.27794  0.27850  0.237E-01  0.617E-02 -0.000E+00  0.000E+00  0.120E-01  0.617E-02  0.117E-01  0.000E+00  0.000E+00  0.000E+00
  0.30000  0.01216  0.27846  0.27900  0.238E-01  0.635E-02 -0.000E+00  0.000E+00  0.121E-01  0.635E-02  0.117E-01  0.000E+00  0.000E+00  0.000E+00
  0.30000  0.01188  0.27897  0.27950  0.239E-01  0.654E-02 -0.000E+00  0.000E+00  0.122E-01  0.654E-02  0.117E-01  0.000E+00  0.000E+00  0.000E+00
  0.30000  0.01160  0.27948  0.28000  0.240E-01  0.675E-02 -0.000E+00  0.000E+00  0.123E-01  0.675E-02  0.117E-01  0.000E+00  0.000E+00  0.000E+00
  0.30000  0.01132  0.27999  0.28050  0.241E-01  0.700E-02 -0.000E+00  0.000E+00  0.124E-01  0.700E-02  0.117E-01  0.000E+00  0.000E+00  0.000E+00
  0.30000  0.01104  0.28051  0.28100  0.242E-01  0.723E-02 -0.000E+00  0.000E+00  0.125E-01  0.723E-02  0.117E-01  0.000E+00  0.000E+00  0.000E+00
  0.30000  0.01076  0.28102  0.28150  0.243E-01  0.748E-02 -0.000E+00  0.000E+00  0.126E-01  0.748E-02  0.117E-01  0.000E+00  0.000E+00  0.000E+00
  0.30000  0.01048  0.28153  0.28200  0.244E-01  0.775E-02 -0.000E+00  0.000E+00  0.127E-01  0.775E-02  0.117E-01  0.000E+00  0.000E+00  0.000E+00
  0.30000  0.01019  0.28204  0.28250  0.245E-01  0.808E-02 -0.000E+00  0.000E+00  0.128E-01  0.808E-02  0.117E-01  0.000E+00  0.000E+00  0.000E+00
  0.30000  0.00991  0.28256  0.28300  0.246E-01  0.839E-02 -0.000E+00  0.000E+00  0.129E-01  0.839E-02  0.117E-01  0.000E+00  0.000E+00  0.000E+00
  0.30000  0.00963  0.28307  0.28350  0.247E-01  0.873E-02 -0.000E+00  0.000E+00  0.130E-01  0.873E-02  0.117E-01  0.000E+00  0.000E+00  0.000E+00
  0.30000  0.00934  0.28358  0.28400  0.248E-01  0.910E-02 -0.000E+00  0.000E+00  0.131E-01  0.910E-02  0.117E-01  0.000E+00  0.000E+00  0.000E+00
  0.30000  0.00906  0.28409  0.28450  0.249E-01  0.954E-02 -0.000E+00  0.000E+00  0.132E-01  0.954E-02  0.117E-01  0.000E+00  0.000E+00  0.000E+00
  0.30000  0.00877  0.28461  0.28500  0.250E-01  0.997E-02 -0.000E+00  0.000E+00  0.133E-01  0.997E-02  0.117E-01  0.000E+00  0.000E+00  0.000E+00
  0.30000  0.00849  0.28512  0.28550  0.251E-01  0.104E-01 -0.000E+00  0.000E+00  0.134E-01  0.104E-01  0.117E-01  0.000E+00  0.000E+00  0.000E+00
  0.30000  0.00820  0.28563  0.28600  0.252E-01  0.110E-01 -0.000E+00  0.000E+00  0.135E-01  0.110E-01  0.117E-01  0.000E+00  0.000E+00  0.000E+00
  0.30000  0.00792  0.28615  0.28650  0.253E-01  0.116E-01 -0.000E+00  0.000E+00  0.136E-01  0.116E-01  0.117E-01  0.000E+00  0.000E+00  0.000E+00
  0.30000  0.00763  0.28666  0.28700  0.254E-01  0.122E-01 -0.000E+00  0.000E+00  0.137E-01  0.122E-01  0.117E-01  0.000E+00  0.000E+00  0.000E+00
  0.30000  0.00734  0.28717  0.28750  0.255E-01  0.129E-01 -0.000E+00  0.000E+00  0.138E-01  0.129E-01  0.117E-01  0.000E+00  0.000E+00  0.000E+00
  0.30000  0.00706  0.28768  0.28800  0.256E-01  0.137E-01 -0.000E+00  0.000E+00  0.139E-01  0.137E-01  0.117E-01  0.000E+00  0.000E+00  0.000E+00
  0.30000  0.00677  0.28820  0.28850  0.257E-01  0.146E-01 -0.000E+00  0.000E+00  0.139E-01  0.146E-01  0.117E-01  0.000E+00  0.000E+00  0.000E+00
  0.30000  0.00648  0.28871  0.28900  0.258E-01  0.155E-01 -0.000E+00  0.000E+00  0.140E-01  0.155E-01  0.117E-01  0.000E+00  0.000E+00  0.000E+00
  0.30000  0.00619  0.28922  0.28950  0.259E-01  0.166E-01 -0.000E+00  0.000E+00  0.141E-01  0.166E-01  0.117E-01  0.000E+00  0.000E+00  0.000E+00
  0.30000  0.00590  0.28974  0.29000  0.260E-01  0.178E-01 -0.000E+00  0.000E+00  0.142E-01  0.178E-01  0.117E-01  0.000E+00  0.000E+00  0.000E+00
  0.30000  0.00561  0.29025  0.29050  0.261E-01  0.192E-01 -0.000E+00  0.000E+00  0.143E-01  0.192E-01  0.117E-01  0.000E+00  0.000E+00  0.000E+00
  0.30000  0.00532  0.29076  0.29100  0.262E-01  0.208E-01 -0.000E+00  0.000E+00  0.144E-01  0.208E-01  0.118E-01  0.000E+00  0.000E+00  0.000E+00
  0.30000  0.00503  0.29128  0.29150  0.263E-01  0.226E-01 -0.000E+00  0.000E+00  0.145E-01  0.226E-01  0.118E-01  0.000E+00  0.000E+00  0.000E+00
  0.30000  0.00474  0.29179  0.29200  0.264E-01  0.247E-01 -0.000E+00  0.000E+00  0.146E-01  0.247E-01  0.118E-01  0.000E+00  0.000E+00  0.000E+00
  0.30000  0.00444  0.29230  0.29250  0.265E-01  0.271E-01 -0.000E+00  0.000E+00  0.147E-01  0.271E-01  0.118E-01  0.000E+00  0.000E+00  0.000E+00
  0.30000  0.00415  0.29281  0.29300  0.266E-01  0.300E-01 -0.000E+00  0.000E+00  0.148E-01  0.300E-01  0.118E-01  0.000E+00  0.000E+00  0.000E+00
  0.30000  0.00386  0.29333  0.29350  0.267E-01  0.332E-01 -0.000E+00  0.000E+00  0.149E-01  0.332E-01  0.118E-01  0.000E+00  0.000E+00  0.000E+00
  0.30000  0.00356  0.29384  0.29400  0.268E-01  0.371E-01 -0.000E+00  0.000E+00  0.150E-01  0.371E-01  0.118E-01  0.000E+00  0.000E+00  0.000E+00
  0.30000  0.00327  0.29435  0.29450  0.269E-01  0.418E-01 -0.000E+00  0.000E+00  0.151E-01  0.418E-01  0.118E-01  0.000E+00  0.000E+00  0.000E+00
  0.30000  0.00297  0.29487  0.29500  0.271E-01  0.476E-01 -0.000E+00  0.000E+00  0.152E-01  0.476E-01  0.119E-01  0.000E+00  0.000E+00  0.000E+00
  0.30000  0.00268  0.29538  0.29550  0.272E-01  0.545E-01 -0.000E+00  0.000E+00  0.153E-01  0.545E-01  0.119E-01  0.000E+00  0.000E+00  0.000E+00
  0.30000  0.00238  0.29589  0.29600  0.273E-01  0.630E-01 -0.000E+00  0.000E+00  0.154E-01  0.630E-01  0.119E-01  0.000E+00  0.000E+00  0.000E+00
  0.30000  0.00209  0.29641  0.29650  0.274E-01  0.738E-01 -0.000E+00  0.000E+00  0.155E-01  0.738E-01  0.119E-01  0.000E+00  0.000E+00  0.000E+00
  0.30000  0.00179  0.29692  0.29700  0.275E-01  0.879E-01 -0.000E+00  0.000E+00  0.155E-01  0.879E-01  0.120E-01  0.000E+00  0.000E+00  0.000E+00
  0.30000  0.00149  0.29743  0.29750  0.276E-01  0.106E+00 -0.000E+00  0.000E+00  0.156E-01  0.106E+00  0.120E-01  0.000E+00  0.000E+00  0.000E+00
  0.30000  0.00120  0.29795  0.29800  0.278E-01  0.130E+00 -0.000E+00  0.000E+00  0.157E-01  0.130E+00  0.120E-01  0.000E+00  0.000E+00  0.000E+00
  0.30000  0.00090  0.29846  0.29850  0.279E-01  0.163E+00 -0.000E+00  0.000E+00  0.158E-01  0.163E+00  0.121E-01  0.000E+00  0.000E+00  0.000E+00
  0.30000  0.00060  0.29897  0.29900  0.280E-01  0.211E+00 -0.000E+00  0.000E+00  0.159E-01  0.211E+00  0.121E-01  0.000E+00  0.000E+00  0.000E+00
  0.30000  0.00030  0.29949  0.29950  0.281E-01  0.280E+00 -0.000E+00  0.000E+00  0.160E-01  0.280E+00  0.121E-01  0.000E+00  0.000E+00  0.000E+00
